70
H3N2CY073912 0.000000 0.621239 0.617699 0.613074 0.618375 0.033569 0.017668 0.613074 0.616608 0.031802 0.077739 0.616608 0.615929 0.540636 0.616608 0.613074 0.610619 0.616608 0.614841 0.614841 0.616608 0.091873 0.613074 0.615929 0.613074 0.614841 0.083039 0.024735 0.083039 0.614841 0.614841 0.614841 0.614841 0.614841 0.612389 0.614841 0.613074 0.618375 0.614841 0.612389 0.616608 0.613074 0.035336 0.021201 0.614841 0.612389 0.615929 0.613074 0.613074 0.613074 0.613074 0.613074 0.616608 0.610619 0.611307 0.611307 0.610619 0.613074 0.007067 0.650177 0.639576 0.086572 0.614159 0.614841 0.019435 0.616608 0.613074 0.012367 0.015901 0.641343
H1N1EU716531 0.621239 0.000000 0.035398 0.221239 0.221239 0.623009 0.623009 0.221239 0.221239 0.624779 0.621239 0.217699 0.023009 0.633628 0.223009 0.221239 0.028319 0.217699 0.226549 0.219469 0.219469 0.626549 0.223009 0.028319 0.221239 0.221239 0.621239 0.623009 0.624779 0.221239 0.221239 0.221239 0.223009 0.223009 0.035398 0.217699 0.223009 0.221239 0.219469 0.030088 0.226549 0.219469 0.619469 0.624779 0.221239 0.026549 0.019469 0.221239 0.223009 0.221239 0.219469 0.221239 0.215929 0.030088 0.221239 0.223009 0.026549 0.219469 0.624779 0.382301 0.380531 0.623009 0.037168 0.219469 0.624779 0.219469 0.219469 0.623009 0.626549 0.382301
H1N1CY053654 0.617699 0.035398 0.000000 0.223009 0.223009 0.621239 0.623009 0.223009 0.223009 0.623009 0.624779 0.219469 0.024779 0.637168 0.224779 0.223009 0.015929 0.219469 0.228319 0.221239 0.221239 0.631858 0.224779 0.017699 0.223009 0.223009 0.626549 0.623009 0.630088 0.226549 0.223009 0.223009 0.224779 0.224779 0.017699 0.219469 0.224779 0.223009 0.221239 0.021239 0.228319 0.221239 0.619469 0.624779 0.223009 0.014159 0.038938 0.223009 0.224779 0.223009 0.221239 0.223009 0.217699 0.017699 0.223009 0.224779 0.017699 0.221239 0.623009 0.387611 0.385841 0.628319 0.035398 0.221239 0.624779 0.221239 0.221239 0.623009 0.624779 0.387611
H1N1CY070620 0.613074 0.221239 0.223009 0.000000 0.010601 0.616608 0.613074 0.010601 0.012367 0.614841 0.600707 0.010601 0.210619 0.639576 0.014134 0.008834 0.214159 0.008834 0.012367 0.010601 0.008834 0.607774 0.012367 0.217699 0.007067 0.007067 0.600707 0.609541 0.606007 0.012367 0.012367 0.007067 0.012367 0.014134 0.214159 0.010601 0.008834 0.010601 0.008834 0.214159 0.015901 0.005300 0.606007 0.609541 0.007067 0.215929 0.219469 0.007067 0.008834 0.007067 0.007067 0.008834 0.008834 0.215929 0.008834 0.014134 0.210619 0.005300 0.611307 0.376325 0.376325 0.606007 0.210619 0.007067 0.609541 0.008834 0.005300 0.609541 0.611307 0.381625
H1N1GQ377072 0.618375 0.221239 0.223009 0.010601 0.000000 0.621908 0.618375 0.014134 0.008834 0.620141 0.606007 0.007067 0.210619 0.639576 0.017668 0.008834 0.214159 0.005300 0.012367 0.010601 0.008834 0.613074 0.012367 0.217699 0.010601 0.007067 0.606007 0.614841 0.611307 0.012367 0.015901 0.010601 0.012367 0.014134 0.214159 0.007067 0.008834 0.007067 0.008834 0.214159 0.019435 0.008834 0.611307 0.614841 0.010601 0.215929 0.219469 0.007067 0.008834 0.010601 0.007067 0.008834 0.005300 0.215929 0.008834 0.014134 0.210619 0.008834 0.616608 0.381625 0.381625 0.611307 0.210619 0.007067 0.614841 0.005300 0.008834 0.614841 0.616608 0.386926
H3N2CY134860 0.033569 0.623009 0.621239 0.616608 0.621908 0.000000 0.035336 0.616608 0.620141 0.012367 0.086572 0.620141 0.619469 0.540636 0.620141 0.616608 0.615929 0.620141 0.618375 0.618375 0.620141 0.098940 0.618375 0.617699 0.616608 0.618375 0.090106 0.030035 0.093640 0.618375 0.620141 0.618375 0.618375 0.618375 0.615929 0.618375 0.616608 0.621908 0.618375 0.614159 0.620141 0.616608 0.044170 0.026502 0.618375 0.614159 0.619469 0.616608 0.616608 0.616608 0.616608 0.616608 0.620141 0.612389 0.614841 0.614841 0.617699 0.616608 0.026502 0.636042 0.643110 0.093640 0.619469 0.618375 0.026502 0.620141 0.616608 0.030035 0.028269 0.643110
H3N2CY118834 0.017668 0.623009 0.623009 0.613074 0.618375 0.035336 0.000000 0.613074 0.616608 0.031802 0.065371 0.616608 0.621239 0.540636 0.616608 0.613074 0.615929 0.616608 0.614841 0.614841 0.616608 0.086572 0.614841 0.621239 0.613074 0.614841 0.077739 0.024735 0.079505 0.614841 0.616608 0.614841 0.614841 0.614841 0.617699 0.614841 0.613074 0.618375 0.614841 0.617699 0.616608 0.613074 0.021201 0.022968 0.614841 0.617699 0.621239 0.613074 0.613074 0.613074 0.613074 0.613074 0.616608 0.615929 0.611307 0.611307 0.615929 0.613074 0.015901 0.655477 0.646643 0.081272 0.619469 0.614841 0.026502 0.616608 0.613074 0.012367 0.017668 0.646643
H1N1AB745129 0.613074 0.221239 0.223009 0.010601 0.014134 0.616608 0.613074 0.000000 0.015901 0.614841 0.598940 0.014134 0.210619 0.639576 0.017668 0.012367 0.214159 0.012367 0.015901 0.014134 0.012367 0.607774 0.015901 0.217699 0.010601 0.010601 0.600707 0.609541 0.606007 0.015901 0.015901 0.010601 0.015901 0.017668 0.217699 0.014134 0.012367 0.014134 0.012367 0.214159 0.019435 0.008834 0.606007 0.609541 0.010601 0.215929 0.219469 0.010601 0.012367 0.010601 0.010601 0.012367 0.012367 0.215929 0.012367 0.014134 0.210619 0.008834 0.611307 0.379859 0.379859 0.606007 0.210619 0.010601 0.609541 0.012367 0.008834 0.609541 0.611307 0.385159
H1N1GQ329076 0.616608 0.221239 0.223009 0.012367 0.008834 0.620141 0.616608 0.015901 0.000000 0.618375 0.604240 0.008834 0.210619 0.639576 0.019435 0.010601 0.214159 0.007067 0.014134 0.012367 0.010601 0.611307 0.014134 0.217699 0.012367 0.008834 0.604240 0.613074 0.609541 0.014134 0.017668 0.012367 0.014134 0.015901 0.214159 0.008834 0.010601 0.008834 0.010601 0.214159 0.021201 0.010601 0.609541 0.613074 0.012367 0.215929 0.219469 0.008834 0.010601 0.012367 0.008834 0.010601 0.007067 0.215929 0.010601 0.015901 0.210619 0.010601 0.614841 0.378092 0.378092 0.609541 0.210619 0.008834 0.613074 0.007067 0.010601 0.613074 0.614841 0.383392
H3N2CY124469 0.031802 0.624779 0.623009 0.614841 0.620141 0.012367 0.031802 0.614841 0.618375 0.000000 0.084806 0.618375 0.621239 0.538869 0.614841 0.614841 0.617699 0.618375 0.616608 0.616608 0.618375 0.098940 0.616608 0.619469 0.614841 0.616608 0.090106 0.028269 0.093640 0.616608 0.614841 0.616608 0.616608 0.616608 0.617699 0.616608 0.614841 0.620141 0.616608 0.615929 0.614841 0.614841 0.040636 0.024735 0.613074 0.615929 0.621239 0.614841 0.614841 0.614841 0.614841 0.614841 0.618375 0.614159 0.613074 0.613074 0.619469 0.614841 0.024735 0.639576 0.643110 0.093640 0.621239 0.616608 0.024735 0.618375 0.614841 0.028269 0.026502 0.643110
H3N2CY112861 0.077739 0.621239 0.624779 0.600707 0.606007 0.086572 0.065371 0.598940 0.604240 0.084806 0.000000 0.604240 0.619469 0.540636 0.604240 0.600707 0.617699 0.604240 0.602473 0.602473 0.604240 0.054770 0.604240 0.621239 0.600707 0.602473 0.033569 0.074205 0.040636 0.602473 0.604240 0.602473 0.602473 0.604240 0.619469 0.602473 0.600707 0.606007 0.600707 0.619469 0.604240 0.600707 0.056537 0.070671 0.602473 0.615929 0.617699 0.600707 0.600707 0.600707 0.600707 0.600707 0.604240 0.619469 0.602473 0.597173 0.617699 0.600707 0.074205 0.630742 0.637809 0.053004 0.617699 0.602473 0.081272 0.604240 0.600707 0.072438 0.075972 0.639576
H1N1CY065294 0.616608 0.217699 0.219469 0.010601 0.007067 0.620141 0.616608 0.014134 0.008834 0.618375 0.604240 0.000000 0.207080 0.636042 0.017668 0.008834 0.210619 0.005300 0.012367 0.010601 0.008834 0.611307 0.012367 0.214159 0.010601 0.007067 0.604240 0.613074 0.609541 0.012367 0.015901 0.010601 0.012367 0.014134 0.210619 0.007067 0.008834 0.003534 0.008834 0.210619 0.019435 0.008834 0.609541 0.613074 0.010601 0.212389 0.215929 0.007067 0.008834 0.010601 0.007067 0.008834 0.005300 0.212389 0.008834 0.014134 0.207080 0.008834 0.614841 0.378092 0.378092 0.609541 0.207080 0.007067 0.613074 0.005300 0.008834 0.613074 0.614841 0.383392
H1N1CY119226 0.615929 0.023009 0.024779 0.210619 0.210619 0.619469 0.621239 0.210619 0.210619 0.621239 0.619469 0.207080 0.000000 0.633628 0.212389 0.210619 0.017699 0.207080 0.215929 0.208850 0.208850 0.624779 0.212389 0.019469 0.210619 0.210619 0.621239 0.619469 0.624779 0.214159 0.210619 0.210619 0.212389 0.212389 0.024779 0.207080 0.212389 0.210619 0.208850 0.023009 0.215929 0.208850 0.617699 0.621239 0.210619 0.019469 0.026549 0.210619 0.212389 0.210619 0.208850 0.210619 0.205310 0.019469 0.210619 0.212389 0.015929 0.208850 0.621239 0.382301 0.380531 0.621239 0.021239 0.208850 0.621239 0.208850 0.208850 0.621239 0.623009 0.382301
H7N3CY125728 0.540636 0.633628 0.637168 0.639576 0.639576 0.540636 0.540636 0.639576 0.639576 0.538869 0.540636 0.636042 0.633628 0.000000 0.636042 0.637809 0.635398 0.637809 0.643110 0.639576 0.639576 0.542403 0.641343 0.635398 0.639576 0.641343 0.538869 0.540636 0.540636 0.639576 0.637809 0.641343 0.639576 0.643110 0.633628 0.639576 0.639576 0.637809 0.639576 0.635398 0.637809 0.639576 0.537102 0.540636 0.637809 0.631858 0.630088 0.639576 0.639576 0.639576 0.639576 0.641343 0.639576 0.633628 0.637809 0.639576 0.635398 0.641343 0.540636 0.619048 0.612676 0.542403 0.630088 0.639576 0.540636 0.637809 0.639576 0.542403 0.542403 0.614437
H1N1CY097916 0.616608 0.223009 0.224779 0.014134 0.017668 0.620141 0.616608 0.017668 0.019435 0.614841 0.604240 0.017668 0.212389 0.636042 0.000000 0.015901 0.215929 0.015901 0.019435 0.015901 0.015901 0.611307 0.019435 0.219469 0.014134 0.014134 0.604240 0.613074 0.609541 0.019435 0.005300 0.014134 0.019435 0.021201 0.215929 0.017668 0.015901 0.017668 0.015901 0.215929 0.010601 0.012367 0.609541 0.613074 0.010601 0.217699 0.221239 0.014134 0.015901 0.014134 0.012367 0.015901 0.015901 0.217699 0.015901 0.021201 0.212389 0.012367 0.614841 0.379859 0.379859 0.609541 0.210619 0.014134 0.613074 0.015901 0.012367 0.613074 0.614841 0.385159
H1N1CY083543 0.613074 0.221239 0.223009 0.008834 0.008834 0.616608 0.613074 0.012367 0.010601 0.614841 0.600707 0.008834 0.210619 0.637809 0.015901 0.000000 0.214159 0.007067 0.008834 0.008834 0.007067 0.607774 0.010601 0.217699 0.008834 0.005300 0.600707 0.609541 0.606007 0.010601 0.014134 0.008834 0.010601 0.012367 0.214159 0.008834 0.007067 0.008834 0.007067 0.214159 0.017668 0.007067 0.606007 0.609541 0.008834 0.215929 0.219469 0.005300 0.007067 0.008834 0.005300 0.007067 0.007067 0.215929 0.007067 0.010601 0.210619 0.007067 0.611307 0.378092 0.378092 0.606007 0.210619 0.005300 0.609541 0.007067 0.007067 0.609541 0.611307 0.383392
H1N1CY074595 0.610619 0.028319 0.015929 0.214159 0.214159 0.615929 0.615929 0.214159 0.214159 0.617699 0.617699 0.210619 0.017699 0.635398 0.215929 0.214159 0.000000 0.210619 0.219469 0.212389 0.212389 0.623009 0.215929 0.010619 0.214159 0.214159 0.619469 0.614159 0.621239 0.217699 0.214159 0.214159 0.215929 0.215929 0.015929 0.210619 0.215929 0.214159 0.212389 0.014159 0.219469 0.212389 0.612389 0.615929 0.214159 0.010619 0.031858 0.214159 0.215929 0.214159 0.212389 0.214159 0.208850 0.010619 0.214159 0.215929 0.005310 0.212389 0.615929 0.382301 0.380531 0.619469 0.028319 0.212389 0.615929 0.212389 0.212389 0.615929 0.617699 0.382301
H1N1CY089944 0.616608 0.217699 0.219469 0.008834 0.005300 0.620141 0.616608 0.012367 0.007067 0.618375 0.604240 0.005300 0.207080 0.637809 0.015901 0.007067 0.210619 0.000000 0.010601 0.008834 0.007067 0.611307 0.010601 0.214159 0.008834 0.005300 0.604240 0.613074 0.609541 0.010601 0.014134 0.008834 0.010601 0.012367 0.210619 0.005300 0.007067 0.005300 0.007067 0.210619 0.017668 0.007067 0.609541 0.613074 0.008834 0.212389 0.215929 0.005300 0.007067 0.008834 0.005300 0.007067 0.003534 0.212389 0.007067 0.012367 0.207080 0.007067 0.614841 0.379859 0.379859 0.609541 0.207080 0.005300 0.613074 0.003534 0.007067 0.613074 0.614841 0.385159
H1N1AB745162 0.614841 0.226549 0.228319 0.012367 0.012367 0.618375 0.614841 0.015901 0.014134 0.616608 0.602473 0.012367 0.215929 0.643110 0.019435 0.008834 0.219469 0.010601 0.000000 0.012367 0.010601 0.609541 0.014134 0.223009 0.012367 0.008834 0.602473 0.607774 0.607774 0.014134 0.017668 0.012367 0.014134 0.015901 0.219469 0.012367 0.010601 0.012367 0.010601 0.219469 0.021201 0.010601 0.607774 0.611307 0.012367 0.221239 0.224779 0.008834 0.010601 0.012367 0.008834 0.010601 0.010601 0.221239 0.010601 0.012367 0.215929 0.010601 0.613074 0.381625 0.381625 0.607774 0.215929 0.008834 0.611307 0.010601 0.010601 0.611307 0.613074 0.386926
H1N1CY055740 0.614841 0.219469 0.221239 0.010601 0.010601 0.618375 0.614841 0.014134 0.012367 0.616608 0.602473 0.010601 0.208850 0.639576 0.015901 0.008834 0.212389 0.008834 0.012367 0.000000 0.008834 0.609541 0.012367 0.215929 0.010601 0.007067 0.602473 0.611307 0.607774 0.012367 0.014134 0.010601 0.012367 0.014134 0.212389 0.010601 0.008834 0.010601 0.008834 0.212389 0.017668 0.008834 0.607774 0.611307 0.010601 0.214159 0.219469 0.007067 0.008834 0.010601 0.007067 0.005300 0.008834 0.214159 0.008834 0.014134 0.208850 0.008834 0.613074 0.378092 0.378092 0.607774 0.208850 0.007067 0.611307 0.008834 0.008834 0.611307 0.613074 0.383392
H1N1HQ228104 0.616608 0.219469 0.221239 0.008834 0.008834 0.620141 0.616608 0.012367 0.010601 0.618375 0.604240 0.008834 0.208850 0.639576 0.015901 0.007067 0.212389 0.007067 0.010601 0.008834 0.000000 0.611307 0.010601 0.215929 0.008834 0.005300 0.604240 0.613074 0.609541 0.010601 0.014134 0.008834 0.010601 0.012367 0.212389 0.008834 0.007067 0.008834 0.007067 0.212389 0.017668 0.007067 0.609541 0.613074 0.008834 0.214159 0.217699 0.005300 0.007067 0.008834 0.005300 0.007067 0.007067 0.214159 0.007067 0.012367 0.208850 0.007067 0.614841 0.379859 0.379859 0.609541 0.208850 0.005300 0.613074 0.007067 0.007067 0.613074 0.614841 0.385159
H3N2CY121277 0.091873 0.626549 0.631858 0.607774 0.613074 0.098940 0.086572 0.607774 0.611307 0.098940 0.054770 0.611307 0.624779 0.542403 0.611307 0.607774 0.623009 0.611307 0.609541 0.609541 0.611307 0.000000 0.609541 0.626549 0.607774 0.609541 0.028269 0.086572 0.026502 0.609541 0.609541 0.609541 0.609541 0.611307 0.626549 0.609541 0.607774 0.613074 0.607774 0.621239 0.611307 0.607774 0.086572 0.083039 0.609541 0.623009 0.624779 0.607774 0.607774 0.607774 0.607774 0.607774 0.611307 0.623009 0.609541 0.606007 0.623009 0.607774 0.088339 0.643110 0.637809 0.015901 0.624779 0.609541 0.091873 0.611307 0.607774 0.083039 0.090106 0.637809
H1N1CY062359 0.613074 0.223009 0.224779 0.012367 0.012367 0.618375 0.614841 0.015901 0.014134 0.616608 0.604240 0.012367 0.212389 0.641343 0.019435 0.010601 0.215929 0.010601 0.014134 0.012367 0.010601 0.609541 0.000000 0.219469 0.012367 0.008834 0.604240 0.611307 0.607774 0.014134 0.017668 0.012367 0.014134 0.015901 0.215929 0.012367 0.010601 0.012367 0.008834 0.215929 0.021201 0.010601 0.609541 0.611307 0.012367 0.217699 0.221239 0.008834 0.007067 0.012367 0.008834 0.010601 0.010601 0.217699 0.010601 0.015901 0.212389 0.010601 0.611307 0.379859 0.379859 0.607774 0.212389 0.008834 0.611307 0.010601 0.010601 0.611307 0.613074 0.385159
H1N1GQ476134 0.615929 0.028319 0.017699 0.217699 0.217699 0.617699 0.621239 0.217699 0.217699 0.619469 0.621239 0.214159 0.019469 0.635398 0.219469 0.217699 0.010619 0.214159 0.223009 0.215929 0.215929 0.626549 0.219469 0.000000 0.217699 0.217699 0.621239 0.619469 0.624779 0.221239 0.217699 0.217699 0.219469 0.219469 0.015929 0.214159 0.219469 0.217699 0.215929 0.008850 0.223009 0.215929 0.615929 0.621239 0.217699 0.012389 0.033628 0.217699 0.219469 0.217699 0.215929 0.217699 0.212389 0.007080 0.217699 0.219469 0.012389 0.215929 0.621239 0.382301 0.380531 0.623009 0.030088 0.215929 0.621239 0.215929 0.215929 0.621239 0.623009 0.382301
H1N1CY061171 0.613074 0.221239 0.223009 0.007067 0.010601 0.616608 0.613074 0.010601 0.012367 0.614841 0.600707 0.010601 0.210619 0.639576 0.014134 0.008834 0.214159 0.008834 0.012367 0.010601 0.008834 0.607774 0.012367 0.217699 0.000000 0.007067 0.600707 0.609541 0.606007 0.012367 0.012367 0.007067 0.012367 0.014134 0.214159 0.010601 0.008834 0.010601 0.008834 0.214159 0.015901 0.005300 0.606007 0.609541 0.007067 0.215929 0.219469 0.007067 0.008834 0.007067 0.007067 0.008834 0.008834 0.215929 0.008834 0.014134 0.210619 0.005300 0.611307 0.378092 0.378092 0.607774 0.210619 0.007067 0.609541 0.008834 0.005300 0.609541 0.611307 0.383392
H1N1CY070197 0.614841 0.221239 0.223009 0.007067 0.007067 0.618375 0.614841 0.010601 0.008834 0.616608 0.602473 0.007067 0.210619 0.641343 0.014134 0.005300 0.214159 0.005300 0.008834 0.007067 0.005300 0.609541 0.008834 0.217699 0.007067 0.000000 0.602473 0.611307 0.607774 0.008834 0.012367 0.007067 0.008834 0.010601 0.214159 0.007067 0.005300 0.007067 0.005300 0.214159 0.015901 0.005300 0.607774 0.611307 0.007067 0.215929 0.219469 0.003534 0.005300 0.007067 0.003534 0.005300 0.005300 0.215929 0.005300 0.010601 0.210619 0.005300 0.613074 0.379859 0.379859 0.607774 0.210619 0.003534 0.611307 0.005300 0.005300 0.611307 0.613074 0.385159
H3N2CY113533 0.083039 0.621239 0.626549 0.600707 0.606007 0.090106 0.077739 0.600707 0.604240 0.090106 0.033569 0.604240 0.621239 0.538869 0.604240 0.600707 0.619469 0.604240 0.602473 0.602473 0.604240 0.028269 0.604240 0.621239 0.600707 0.602473 0.000000 0.079505 0.012367 0.602473 0.604240 0.602473 0.602473 0.604240 0.621239 0.602473 0.600707 0.606007 0.600707 0.615929 0.604240 0.600707 0.072438 0.075972 0.602473 0.617699 0.621239 0.600707 0.600707 0.600707 0.600707 0.600707 0.604240 0.617699 0.602473 0.598940 0.619469 0.600707 0.079505 0.639576 0.632509 0.026502 0.619469 0.602473 0.086572 0.604240 0.600707 0.074205 0.081272 0.632509
H3N2HQ703350 0.024735 0.623009 0.623009 0.609541 0.614841 0.030035 0.024735 0.609541 0.613074 0.028269 0.074205 0.613074 0.619469 0.540636 0.613074 0.609541 0.614159 0.613074 0.607774 0.611307 0.613074 0.086572 0.611307 0.619469 0.609541 0.611307 0.079505 0.000000 0.081272 0.611307 0.613074 0.611307 0.611307 0.611307 0.617699 0.611307 0.609541 0.614841 0.611307 0.615929 0.613074 0.609541 0.038869 0.010601 0.611307 0.615929 0.619469 0.609541 0.609541 0.609541 0.609541 0.609541 0.613074 0.614159 0.607774 0.607774 0.614159 0.609541 0.017668 0.650177 0.641343 0.081272 0.617699 0.611307 0.021201 0.613074 0.609541 0.021201 0.017668 0.641343
H3N2CY113405 0.083039 0.624779 0.630088 0.606007 0.611307 0.093640 0.079505 0.606007 0.609541 0.093640 0.040636 0.609541 0.624779 0.540636 0.609541 0.606007 0.621239 0.609541 0.607774 0.607774 0.609541 0.026502 0.607774 0.624779 0.606007 0.607774 0.012367 0.081272 0.000000 0.607774 0.607774 0.607774 0.607774 0.609541 0.624779 0.607774 0.606007 0.611307 0.606007 0.619469 0.609541 0.606007 0.079505 0.077739 0.607774 0.621239 0.624779 0.606007 0.606007 0.606007 0.606007 0.606007 0.609541 0.621239 0.607774 0.604240 0.621239 0.606007 0.079505 0.627208 0.634276 0.021201 0.623009 0.607774 0.088339 0.609541 0.606007 0.075972 0.083039 0.634276
H1N1CY081580 0.614841 0.221239 0.226549 0.012367 0.012367 0.618375 0.614841 0.015901 0.014134 0.616608 0.602473 0.012367 0.214159 0.639576 0.019435 0.010601 0.217699 0.010601 0.014134 0.012367 0.010601 0.609541 0.014134 0.221239 0.012367 0.008834 0.602473 0.611307 0.607774 0.000000 0.017668 0.012367 0.014134 0.015901 0.217699 0.012367 0.010601 0.012367 0.010601 0.217699 0.021201 0.010601 0.607774 0.611307 0.012367 0.215929 0.219469 0.008834 0.010601 0.012367 0.008834 0.010601 0.010601 0.219469 0.010601 0.014134 0.214159 0.010601 0.613074 0.378092 0.378092 0.607774 0.214159 0.008834 0.611307 0.010601 0.010601 0.611307 0.613074 0.383392
H1N1CY129614 0.614841 0.221239 0.223009 0.012367 0.015901 0.620141 0.616608 0.015901 0.017668 0.614841 0.604240 0.015901 0.210619 0.637809 0.005300 0.014134 0.214159 0.014134 0.017668 0.014134 0.014134 0.609541 0.017668 0.217699 0.012367 0.012367 0.604240 0.613074 0.607774 0.017668 0.000000 0.012367 0.017668 0.019435 0.214159 0.015901 0.014134 0.015901 0.014134 0.214159 0.008834 0.010601 0.609541 0.613074 0.008834 0.215929 0.219469 0.012367 0.014134 0.012367 0.010601 0.014134 0.014134 0.215929 0.014134 0.019435 0.210619 0.010601 0.613074 0.379859 0.379859 0.607774 0.210619 0.012367 0.613074 0.014134 0.010601 0.613074 0.614841 0.385159
H1N1JQ365000 0.614841 0.221239 0.223009 0.007067 0.010601 0.618375 0.614841 0.010601 0.012367 0.616608 0.602473 0.010601 0.210619 0.641343 0.014134 0.008834 0.214159 0.008834 0.012367 0.010601 0.008834 0.609541 0.012367 0.217699 0.007067 0.007067 0.602473 0.611307 0.607774 0.012367 0.012367 0.000000 0.008834 0.010601 0.214159 0.010601 0.008834 0.010601 0.008834 0.214159 0.015901 0.005300 0.607774 0.611307 0.007067 0.215929 0.219469 0.007067 0.008834 0.003534 0.007067 0.008834 0.008834 0.215929 0.005300 0.014134 0.210619 0.005300 0.613074 0.378092 0.378092 0.607774 0.210619 0.007067 0.611307 0.008834 0.005300 0.611307 0.613074 0.383392
H1N1CY067634 0.614841 0.223009 0.224779 0.012367 0.012367 0.618375 0.614841 0.015901 0.014134 0.616608 0.602473 0.012367 0.212389 0.639576 0.019435 0.010601 0.215929 0.010601 0.014134 0.012367 0.010601 0.609541 0.014134 0.219469 0.012367 0.008834 0.602473 0.611307 0.607774 0.014134 0.017668 0.008834 0.000000 0.012367 0.215929 0.012367 0.010601 0.012367 0.010601 0.215929 0.021201 0.010601 0.607774 0.611307 0.012367 0.217699 0.221239 0.008834 0.010601 0.008834 0.008834 0.010601 0.010601 0.217699 0.007067 0.015901 0.212389 0.010601 0.613074 0.381625 0.381625 0.607774 0.212389 0.008834 0.611307 0.010601 0.010601 0.611307 0.613074 0.386926
H1N1JF929753 0.614841 0.223009 0.224779 0.014134 0.014134 0.618375 0.614841 0.017668 0.015901 0.616608 0.604240 0.014134 0.212389 0.643110 0.021201 0.012367 0.215929 0.012367 0.015901 0.014134 0.012367 0.611307 0.015901 0.219469 0.014134 0.010601 0.604240 0.611307 0.609541 0.015901 0.019435 0.010601 0.012367 0.000000 0.215929 0.014134 0.012367 0.014134 0.012367 0.215929 0.022968 0.012367 0.607774 0.611307 0.014134 0.217699 0.221239 0.010601 0.012367 0.010601 0.010601 0.012367 0.012367 0.217699 0.007067 0.017668 0.212389 0.012367 0.613074 0.381625 0.381625 0.609541 0.212389 0.010601 0.611307 0.012367 0.012367 0.611307 0.613074 0.386926
H1N1CY100796 0.612389 0.035398 0.017699 0.214159 0.214159 0.615929 0.617699 0.217699 0.214159 0.617699 0.619469 0.210619 0.024779 0.633628 0.215929 0.214159 0.015929 0.210619 0.219469 0.212389 0.212389 0.626549 0.215929 0.015929 0.214159 0.214159 0.621239 0.617699 0.624779 0.217699 0.214159 0.214159 0.215929 0.215929 0.000000 0.210619 0.215929 0.214159 0.212389 0.021239 0.219469 0.212389 0.614159 0.619469 0.214159 0.012389 0.038938 0.214159 0.215929 0.214159 0.212389 0.214159 0.208850 0.017699 0.214159 0.215929 0.017699 0.212389 0.617699 0.380531 0.378761 0.623009 0.035398 0.212389 0.619469 0.212389 0.212389 0.617699 0.619469 0.380531
H1N1CY089880 0.614841 0.217699 0.219469 0.010601 0.007067 0.618375 0.614841 0.014134 0.008834 0.616608 0.602473 0.007067 0.207080 0.639576 0.017668 0.008834 0.210619 0.005300 0.012367 0.010601 0.008834 0.609541 0.012367 0.214159 0.010601 0.007067 0.602473 0.611307 0.607774 0.012367 0.015901 0.010601 0.012367 0.014134 0.210619 0.000000 0.008834 0.007067 0.005300 0.210619 0.019435 0.008834 0.607774 0.611307 0.010601 0.212389 0.215929 0.007067 0.008834 0.010601 0.007067 0.008834 0.005300 0.212389 0.008834 0.014134 0.207080 0.008834 0.613074 0.378092 0.378092 0.607774 0.207080 0.007067 0.611307 0.005300 0.008834 0.611307 0.613074 0.383392
H1N1CY069186 0.613074 0.223009 0.224779 0.008834 0.008834 0.616608 0.613074 0.012367 0.010601 0.614841 0.600707 0.008834 0.212389 0.639576 0.015901 0.007067 0.215929 0.007067 0.010601 0.008834 0.007067 0.607774 0.010601 0.219469 0.008834 0.005300 0.600707 0.609541 0.606007 0.010601 0.014134 0.008834 0.010601 0.012367 0.215929 0.008834 0.000000 0.008834 0.007067 0.215929 0.017668 0.007067 0.606007 0.609541 0.008834 0.217699 0.221239 0.005300 0.007067 0.008834 0.005300 0.007067 0.007067 0.217699 0.007067 0.012367 0.212389 0.007067 0.611307 0.378092 0.378092 0.606007 0.210619 0.005300 0.609541 0.007067 0.007067 0.609541 0.611307 0.383392
H1N1CY065254 0.618375 0.221239 0.223009 0.010601 0.007067 0.621908 0.618375 0.014134 0.008834 0.620141 0.606007 0.003534 0.210619 0.637809 0.017668 0.008834 0.214159 0.005300 0.012367 0.010601 0.008834 0.613074 0.012367 0.217699 0.010601 0.007067 0.606007 0.614841 0.611307 0.012367 0.015901 0.010601 0.012367 0.014134 0.214159 0.007067 0.008834 0.000000 0.008834 0.214159 0.019435 0.008834 0.611307 0.614841 0.010601 0.215929 0.219469 0.007067 0.008834 0.010601 0.007067 0.008834 0.005300 0.215929 0.008834 0.014134 0.210619 0.008834 0.616608 0.378092 0.378092 0.611307 0.210619 0.007067 0.614841 0.005300 0.008834 0.614841 0.616608 0.383392
H1N1GU371263 0.614841 0.219469 0.221239 0.008834 0.008834 0.618375 0.614841 0.012367 0.010601 0.616608 0.600707 0.008834 0.208850 0.639576 0.015901 0.007067 0.212389 0.007067 0.010601 0.008834 0.007067 0.607774 0.008834 0.215929 0.008834 0.005300 0.600707 0.611307 0.606007 0.010601 0.014134 0.008834 0.010601 0.012367 0.212389 0.005300 0.007067 0.008834 0.000000 0.212389 0.017668 0.007067 0.609541 0.611307 0.008834 0.214159 0.217699 0.005300 0.005300 0.008834 0.005300 0.007067 0.007067 0.214159 0.007067 0.012367 0.208850 0.007067 0.613074 0.376325 0.376325 0.606007 0.208850 0.005300 0.611307 0.007067 0.007067 0.611307 0.613074 0.381625
H1N1GQ476068 0.612389 0.030088 0.021239 0.214159 0.214159 0.614159 0.617699 0.214159 0.214159 0.615929 0.619469 0.210619 0.023009 0.635398 0.215929 0.214159 0.014159 0.210619 0.219469 0.212389 0.212389 0.621239 0.215929 0.008850 0.214159 0.214159 0.615929 0.615929 0.619469 0.217699 0.214159 0.214159 0.215929 0.215929 0.021239 0.210619 0.215929 0.214159 0.212389 0.000000 0.219469 0.212389 0.612389 0.617699 0.214159 0.015929 0.037168 0.214159 0.215929 0.214159 0.212389 0.214159 0.208850 0.007080 0.214159 0.215929 0.015929 0.212389 0.617699 0.378761 0.376991 0.617699 0.033628 0.212389 0.617699 0.212389 0.212389 0.617699 0.619469 0.378761
H1N1CY124666 0.616608 0.226549 0.228319 0.015901 0.019435 0.620141 0.616608 0.019435 0.021201 0.614841 0.604240 0.019435 0.215929 0.637809 0.010601 0.017668 0.219469 0.017668 0.021201 0.017668 0.017668 0.611307 0.021201 0.223009 0.015901 0.015901 0.604240 0.613074 0.609541 0.021201 0.008834 0.015901 0.021201 0.022968 0.219469 0.019435 0.017668 0.019435 0.017668 0.219469 0.000000 0.014134 0.609541 0.613074 0.012367 0.221239 0.224779 0.015901 0.017668 0.014134 0.014134 0.017668 0.017668 0.221239 0.017668 0.022968 0.215929 0.014134 0.614841 0.383392 0.381625 0.609541 0.215929 0.015901 0.613074 0.017668 0.014134 0.613074 0.614841 0.386926
H1N1CY054883 0.613074 0.219469 0.221239 0.005300 0.008834 0.616608 0.613074 0.008834 0.010601 0.614841 0.600707 0.008834 0.208850 0.639576 0.012367 0.007067 0.212389 0.007067 0.010601 0.008834 0.007067 0.607774 0.010601 0.215929 0.005300 0.005300 0.600707 0.609541 0.606007 0.010601 0.010601 0.005300 0.010601 0.012367 0.212389 0.008834 0.007067 0.008834 0.007067 0.212389 0.014134 0.000000 0.606007 0.609541 0.005300 0.214159 0.217699 0.005300 0.007067 0.005300 0.005300 0.007067 0.007067 0.214159 0.007067 0.012367 0.208850 0.003534 0.611307 0.378092 0.378092 0.606007 0.208850 0.005300 0.609541 0.007067 0.003534 0.609541 0.611307 0.383392
H3N2CY032969 0.035336 0.619469 0.619469 0.606007 0.611307 0.044170 0.021201 0.606007 0.609541 0.040636 0.056537 0.609541 0.617699 0.537102 0.609541 0.606007 0.612389 0.609541 0.607774 0.607774 0.609541 0.086572 0.609541 0.615929 0.606007 0.607774 0.072438 0.038869 0.079505 0.607774 0.609541 0.607774 0.607774 0.607774 0.614159 0.607774 0.606007 0.611307 0.609541 0.612389 0.609541 0.606007 0.000000 0.037102 0.607774 0.610619 0.617699 0.606007 0.607774 0.606007 0.606007 0.606007 0.609541 0.610619 0.604240 0.604240 0.614159 0.606007 0.031802 0.639576 0.643110 0.081272 0.615929 0.607774 0.040636 0.609541 0.606007 0.030035 0.033569 0.634276
H3N2CY067237 0.021201 0.624779 0.624779 0.609541 0.614841 0.026502 0.022968 0.609541 0.613074 0.024735 0.070671 0.613074 0.621239 0.540636 0.613074 0.609541 0.615929 0.613074 0.611307 0.611307 0.613074 0.083039 0.611307 0.621239 0.609541 0.611307 0.075972 0.010601 0.077739 0.611307 0.613074 0.611307 0.611307 0.611307 0.619469 0.611307 0.609541 0.614841 0.611307 0.617699 0.613074 0.609541 0.037102 0.000000 0.611307 0.617699 0.621239 0.609541 0.609541 0.609541 0.609541 0.609541 0.613074 0.615929 0.607774 0.607774 0.615929 0.609541 0.014134 0.646643 0.636042 0.077739 0.619469 0.611307 0.014134 0.613074 0.609541 0.017668 0.015901 0.636042
H1N1CY061019 0.614841 0.221239 0.223009 0.007067 0.010601 0.618375 0.614841 0.010601 0.012367 0.613074 0.602473 0.010601 0.210619 0.637809 0.010601 0.008834 0.214159 0.008834 0.012367 0.010601 0.008834 0.609541 0.012367 0.217699 0.007067 0.007067 0.602473 0.611307 0.607774 0.012367 0.008834 0.007067 0.012367 0.014134 0.214159 0.010601 0.008834 0.010601 0.008834 0.214159 0.012367 0.005300 0.607774 0.611307 0.000000 0.215929 0.219469 0.007067 0.008834 0.007067 0.007067 0.008834 0.008834 0.215929 0.008834 0.014134 0.210619 0.005300 0.613074 0.379859 0.379859 0.607774 0.212389 0.007067 0.611307 0.008834 0.005300 0.611307 0.613074 0.385159
H1N1CY070903 0.612389 0.026549 0.014159 0.215929 0.215929 0.614159 0.617699 0.215929 0.215929 0.615929 0.615929 0.212389 0.019469 0.631858 0.217699 0.215929 0.010619 0.212389 0.221239 0.214159 0.214159 0.623009 0.217699 0.012389 0.215929 0.215929 0.617699 0.615929 0.621239 0.215929 0.215929 0.215929 0.217699 0.217699 0.012389 0.212389 0.217699 0.215929 0.214159 0.015929 0.221239 0.214159 0.610619 0.617699 0.215929 0.000000 0.030088 0.215929 0.217699 0.215929 0.214159 0.215929 0.210619 0.012389 0.215929 0.217699 0.012389 0.214159 0.617699 0.380531 0.378761 0.619469 0.030088 0.214159 0.617699 0.214159 0.214159 0.617699 0.619469 0.380531
H1N1CY054553 0.615929 0.019469 0.038938 0.219469 0.219469 0.619469 0.621239 0.219469 0.219469 0.621239 0.617699 0.215929 0.026549 0.630088 0.221239 0.219469 0.031858 0.215929 0.224779 0.219469 0.217699 0.624779 0.221239 0.033628 0.219469 0.219469 0.621239 0.619469 0.624779 0.219469 0.219469 0.219469 0.221239 0.221239 0.038938 0.215929 0.221239 0.219469 0.217699 0.037168 0.224779 0.217699 0.617699 0.621239 0.219469 0.030088 0.000000 0.217699 0.221239 0.219469 0.217699 0.219469 0.214159 0.033628 0.219469 0.221239 0.030088 0.217699 0.621239 0.384071 0.382301 0.621239 0.038938 0.217699 0.621239 0.217699 0.217699 0.621239 0.623009 0.385841
H1N1JN381219 0.613074 0.221239 0.223009 0.007067 0.007067 0.616608 0.613074 0.010601 0.008834 0.614841 0.600707 0.007067 0.210619 0.639576 0.014134 0.005300 0.214159 0.005300 0.008834 0.007067 0.005300 0.607774 0.008834 0.217699 0.007067 0.003534 0.600707 0.609541 0.606007 0.008834 0.012367 0.007067 0.008834 0.010601 0.214159 0.007067 0.005300 0.007067 0.005300 0.214159 0.015901 0.005300 0.606007 0.609541 0.007067 0.215929 0.217699 0.000000 0.005300 0.007067 0.003534 0.005300 0.005300 0.215929 0.005300 0.010601 0.210619 0.005300 0.611307 0.378092 0.378092 0.606007 0.210619 0.003534 0.609541 0.005300 0.005300 0.609541 0.611307 0.383392
H1N1CY075480 0.613074 0.223009 0.224779 0.008834 0.008834 0.616608 0.613074 0.012367 0.010601 0.614841 0.600707 0.008834 0.212389 0.639576 0.015901 0.007067 0.215929 0.007067 0.010601 0.008834 0.007067 0.607774 0.007067 0.219469 0.008834 0.005300 0.600707 0.609541 0.606007 0.010601 0.014134 0.008834 0.010601 0.012367 0.215929 0.008834 0.007067 0.008834 0.005300 0.215929 0.017668 0.007067 0.607774 0.609541 0.008834 0.217699 0.221239 0.005300 0.000000 0.008834 0.005300 0.007067 0.007067 0.217699 0.007067 0.012367 0.212389 0.007067 0.611307 0.379859 0.379859 0.606007 0.212389 0.005300 0.609541 0.007067 0.007067 0.609541 0.611307 0.385159
H1N1CY096030 0.613074 0.221239 0.223009 0.007067 0.010601 0.616608 0.613074 0.010601 0.012367 0.614841 0.600707 0.010601 0.210619 0.639576 0.014134 0.008834 0.214159 0.008834 0.012367 0.010601 0.008834 0.607774 0.012367 0.217699 0.007067 0.007067 0.600707 0.609541 0.606007 0.012367 0.012367 0.003534 0.008834 0.010601 0.214159 0.010601 0.008834 0.010601 0.008834 0.214159 0.014134 0.005300 0.606007 0.609541 0.007067 0.215929 0.219469 0.007067 0.008834 0.000000 0.007067 0.008834 0.008834 0.215929 0.005300 0.014134 0.210619 0.005300 0.611307 0.376325 0.376325 0.606007 0.210619 0.007067 0.609541 0.008834 0.005300 0.609541 0.611307 0.381625
H1N1JQ065126 0.613074 0.219469 0.221239 0.007067 0.007067 0.616608 0.613074 0.010601 0.008834 0.614841 0.600707 0.007067 0.208850 0.639576 0.012367 0.005300 0.212389 0.005300 0.008834 0.007067 0.005300 0.607774 0.008834 0.215929 0.007067 0.003534 0.600707 0.609541 0.606007 0.008834 0.010601 0.007067 0.008834 0.010601 0.212389 0.007067 0.005300 0.007067 0.005300 0.212389 0.014134 0.005300 0.606007 0.609541 0.007067 0.214159 0.217699 0.003534 0.005300 0.007067 0.000000 0.005300 0.005300 0.214159 0.005300 0.010601 0.208850 0.005300 0.611307 0.378092 0.378092 0.606007 0.208850 0.003534 0.609541 0.005300 0.005300 0.609541 0.611307 0.383392
H1N1GU014748 0.613074 0.221239 0.223009 0.008834 0.008834 0.616608 0.613074 0.012367 0.010601 0.614841 0.600707 0.008834 0.210619 0.641343 0.015901 0.007067 0.214159 0.007067 0.010601 0.005300 0.007067 0.607774 0.010601 0.217699 0.008834 0.005300 0.600707 0.609541 0.606007 0.010601 0.014134 0.008834 0.010601 0.012367 0.214159 0.008834 0.007067 0.008834 0.007067 0.214159 0.017668 0.007067 0.606007 0.609541 0.008834 0.215929 0.219469 0.005300 0.007067 0.008834 0.005300 0.000000 0.007067 0.215929 0.007067 0.012367 0.210619 0.007067 0.611307 0.378092 0.378092 0.606007 0.210619 0.005300 0.609541 0.007067 0.007067 0.609541 0.611307 0.383392
H1N1GQ169382 0.616608 0.215929 0.217699 0.008834 0.005300 0.620141 0.616608 0.012367 0.007067 0.618375 0.604240 0.005300 0.205310 0.639576 0.015901 0.007067 0.208850 0.003534 0.010601 0.008834 0.007067 0.611307 0.010601 0.212389 0.008834 0.005300 0.604240 0.613074 0.609541 0.010601 0.014134 0.008834 0.010601 0.012367 0.208850 0.005300 0.007067 0.005300 0.007067 0.208850 0.017668 0.007067 0.609541 0.613074 0.008834 0.210619 0.214159 0.005300 0.007067 0.008834 0.005300 0.007067 0.000000 0.210619 0.007067 0.012367 0.205310 0.007067 0.614841 0.381625 0.381625 0.609541 0.205310 0.005300 0.613074 0.003534 0.007067 0.613074 0.614841 0.386926
H1N1GQ476020 0.610619 0.030088 0.017699 0.215929 0.215929 0.612389 0.615929 0.215929 0.215929 0.614159 0.619469 0.212389 0.019469 0.633628 0.217699 0.215929 0.010619 0.212389 0.221239 0.214159 0.214159 0.623009 0.217699 0.007080 0.215929 0.215929 0.617699 0.614159 0.621239 0.219469 0.215929 0.215929 0.217699 0.217699 0.017699 0.212389 0.217699 0.215929 0.214159 0.007080 0.221239 0.214159 0.610619 0.615929 0.215929 0.012389 0.033628 0.215929 0.217699 0.215929 0.214159 0.215929 0.210619 0.000000 0.215929 0.217699 0.012389 0.214159 0.615929 0.378761 0.376991 0.619469 0.030088 0.214159 0.615929 0.214159 0.214159 0.615929 0.617699 0.378761
H1N1CY095878 0.611307 0.221239 0.223009 0.008834 0.008834 0.614841 0.611307 0.012367 0.010601 0.613074 0.602473 0.008834 0.210619 0.637809 0.015901 0.007067 0.214159 0.007067 0.010601 0.008834 0.007067 0.609541 0.010601 0.217699 0.008834 0.005300 0.602473 0.607774 0.607774 0.010601 0.014134 0.005300 0.007067 0.007067 0.214159 0.008834 0.007067 0.008834 0.007067 0.214159 0.017668 0.007067 0.604240 0.607774 0.008834 0.215929 0.219469 0.005300 0.007067 0.005300 0.005300 0.007067 0.007067 0.215929 0.000000 0.012367 0.210619 0.007067 0.609541 0.376325 0.376325 0.607774 0.210619 0.005300 0.607774 0.007067 0.007067 0.607774 0.609541 0.381625
H1N1CY057542 0.611307 0.223009 0.224779 0.014134 0.014134 0.614841 0.611307 0.014134 0.015901 0.613074 0.597173 0.014134 0.212389 0.639576 0.021201 0.010601 0.215929 0.012367 0.012367 0.014134 0.012367 0.606007 0.015901 0.219469 0.014134 0.010601 0.598940 0.607774 0.604240 0.014134 0.019435 0.014134 0.015901 0.017668 0.215929 0.014134 0.012367 0.014134 0.012367 0.215929 0.022968 0.012367 0.604240 0.607774 0.014134 0.217699 0.221239 0.010601 0.012367 0.014134 0.010601 0.012367 0.012367 0.217699 0.012367 0.000000 0.214159 0.012367 0.609541 0.374558 0.374558 0.604240 0.212389 0.010601 0.607774 0.012367 0.012367 0.607774 0.609541 0.379859
H1N1CY064871 0.610619 0.026549 0.017699 0.210619 0.210619 0.617699 0.615929 0.210619 0.210619 0.619469 0.617699 0.207080 0.015929 0.635398 0.212389 0.210619 0.005310 0.207080 0.215929 0.208850 0.208850 0.623009 0.212389 0.012389 0.210619 0.210619 0.619469 0.614159 0.621239 0.214159 0.210619 0.210619 0.212389 0.212389 0.017699 0.207080 0.212389 0.210619 0.208850 0.015929 0.215929 0.208850 0.614159 0.615929 0.210619 0.012389 0.030088 0.210619 0.212389 0.210619 0.208850 0.210619 0.205310 0.012389 0.210619 0.214159 0.000000 0.208850 0.615929 0.380531 0.378761 0.619469 0.026549 0.208850 0.615929 0.208850 0.208850 0.615929 0.617699 0.380531
H1N1JN588796 0.613074 0.219469 0.221239 0.005300 0.008834 0.616608 0.613074 0.008834 0.010601 0.614841 0.600707 0.008834 0.208850 0.641343 0.012367 0.007067 0.212389 0.007067 0.010601 0.008834 0.007067 0.607774 0.010601 0.215929 0.005300 0.005300 0.600707 0.609541 0.606007 0.010601 0.010601 0.005300 0.010601 0.012367 0.212389 0.008834 0.007067 0.008834 0.007067 0.212389 0.014134 0.003534 0.606007 0.609541 0.005300 0.214159 0.217699 0.005300 0.007067 0.005300 0.005300 0.007067 0.007067 0.214159 0.007067 0.012367 0.208850 0.000000 0.611307 0.379859 0.379859 0.606007 0.208850 0.005300 0.609541 0.007067 0.003534 0.609541 0.611307 0.385159
H3N2CY068465 0.007067 0.624779 0.623009 0.611307 0.616608 0.026502 0.015901 0.611307 0.614841 0.024735 0.074205 0.614841 0.621239 0.540636 0.614841 0.611307 0.615929 0.614841 0.613074 0.613074 0.614841 0.088339 0.611307 0.621239 0.611307 0.613074 0.079505 0.017668 0.079505 0.613074 0.613074 0.613074 0.613074 0.613074 0.617699 0.613074 0.611307 0.616608 0.613074 0.617699 0.614841 0.611307 0.031802 0.014134 0.613074 0.617699 0.621239 0.611307 0.611307 0.611307 0.611307 0.611307 0.614841 0.615929 0.609541 0.609541 0.615929 0.611307 0.000000 0.648410 0.639576 0.083039 0.619469 0.613074 0.014134 0.614841 0.611307 0.010601 0.008834 0.639576
H5N1CY098758 0.650177 0.382301 0.387611 0.376325 0.381625 0.636042 0.655477 0.379859 0.378092 0.639576 0.630742 0.378092 0.382301 0.619048 0.379859 0.378092 0.382301 0.379859 0.381625 0.378092 0.379859 0.643110 0.379859 0.382301 0.378092 0.379859 0.639576 0.650177 0.627208 0.378092 0.379859 0.378092 0.381625 0.381625 0.380531 0.378092 0.378092 0.378092 0.376325 0.378761 0.383392 0.378092 0.639576 0.646643 0.379859 0.380531 0.384071 0.378092 0.379859 0.376325 0.378092 0.378092 0.381625 0.378761 0.376325 0.374558 0.380531 0.379859 0.648410 0.000000 0.075838 0.632509 0.375221 0.376325 0.650177 0.381625 0.378092 0.637809 0.637809 0.081129
H5N1JN588806 0.639576 0.380531 0.385841 0.376325 0.381625 0.643110 0.646643 0.379859 0.378092 0.643110 0.637809 0.378092 0.380531 0.612676 0.379859 0.378092 0.380531 0.379859 0.381625 0.378092 0.379859 0.637809 0.379859 0.380531 0.378092 0.379859 0.632509 0.641343 0.634276 0.378092 0.379859 0.378092 0.381625 0.381625 0.378761 0.378092 0.378092 0.378092 0.376325 0.376991 0.381625 0.378092 0.643110 0.636042 0.379859 0.378761 0.382301 0.378092 0.379859 0.376325 0.378092 0.378092 0.381625 0.376991 0.376325 0.374558 0.378761 0.379859 0.639576 0.075838 0.000000 0.639576 0.375221 0.378092 0.641343 0.381625 0.378092 0.643110 0.641343 0.024648
H3N2CY113357 0.086572 0.623009 0.628319 0.606007 0.611307 0.093640 0.081272 0.606007 0.609541 0.093640 0.053004 0.609541 0.621239 0.542403 0.609541 0.606007 0.619469 0.609541 0.607774 0.607774 0.609541 0.015901 0.607774 0.623009 0.607774 0.607774 0.026502 0.081272 0.021201 0.607774 0.607774 0.607774 0.607774 0.609541 0.623009 0.607774 0.606007 0.611307 0.606007 0.617699 0.609541 0.606007 0.081272 0.077739 0.607774 0.619469 0.621239 0.606007 0.606007 0.606007 0.606007 0.606007 0.609541 0.619469 0.607774 0.604240 0.619469 0.606007 0.083039 0.632509 0.639576 0.000000 0.624779 0.607774 0.086572 0.609541 0.606007 0.077739 0.084806 0.639576
H1N1CY104694 0.614159 0.037168 0.035398 0.210619 0.210619 0.619469 0.619469 0.210619 0.210619 0.621239 0.617699 0.207080 0.021239 0.630088 0.210619 0.210619 0.028319 0.207080 0.215929 0.208850 0.208850 0.624779 0.212389 0.030088 0.210619 0.210619 0.619469 0.617699 0.623009 0.214159 0.210619 0.210619 0.212389 0.212389 0.035398 0.207080 0.210619 0.210619 0.208850 0.033628 0.215929 0.208850 0.615929 0.619469 0.212389 0.030088 0.038938 0.210619 0.212389 0.210619 0.208850 0.210619 0.205310 0.030088 0.210619 0.212389 0.026549 0.208850 0.619469 0.375221 0.375221 0.624779 0.000000 0.208850 0.621239 0.208850 0.208850 0.619469 0.619469 0.376991
H1N1GU014758 0.614841 0.219469 0.221239 0.007067 0.007067 0.618375 0.614841 0.010601 0.008834 0.616608 0.602473 0.007067 0.208850 0.639576 0.014134 0.005300 0.212389 0.005300 0.008834 0.007067 0.005300 0.609541 0.008834 0.215929 0.007067 0.003534 0.602473 0.611307 0.607774 0.008834 0.012367 0.007067 0.008834 0.010601 0.212389 0.007067 0.005300 0.007067 0.005300 0.212389 0.015901 0.005300 0.607774 0.611307 0.007067 0.214159 0.217699 0.003534 0.005300 0.007067 0.003534 0.005300 0.005300 0.214159 0.005300 0.010601 0.208850 0.005300 0.613074 0.376325 0.378092 0.607774 0.208850 0.000000 0.611307 0.005300 0.005300 0.611307 0.613074 0.383392
H3N2CY100109 0.019435 0.624779 0.624779 0.609541 0.614841 0.026502 0.026502 0.609541 0.613074 0.024735 0.081272 0.613074 0.621239 0.540636 0.613074 0.609541 0.615929 0.613074 0.611307 0.611307 0.613074 0.091873 0.611307 0.621239 0.609541 0.611307 0.086572 0.021201 0.088339 0.611307 0.613074 0.611307 0.611307 0.611307 0.619469 0.611307 0.609541 0.614841 0.611307 0.617699 0.613074 0.609541 0.040636 0.014134 0.611307 0.617699 0.621239 0.609541 0.609541 0.609541 0.609541 0.609541 0.613074 0.615929 0.607774 0.607774 0.615929 0.609541 0.014134 0.650177 0.641343 0.086572 0.621239 0.611307 0.000000 0.613074 0.609541 0.021201 0.019435 0.641343
H1N1GQ168664 0.616608 0.219469 0.221239 0.008834 0.005300 0.620141 0.616608 0.012367 0.007067 0.618375 0.604240 0.005300 0.208850 0.637809 0.015901 0.007067 0.212389 0.003534 0.010601 0.008834 0.007067 0.611307 0.010601 0.215929 0.008834 0.005300 0.604240 0.613074 0.609541 0.010601 0.014134 0.008834 0.010601 0.012367 0.212389 0.005300 0.007067 0.005300 0.007067 0.212389 0.017668 0.007067 0.609541 0.613074 0.008834 0.214159 0.217699 0.005300 0.007067 0.008834 0.005300 0.007067 0.003534 0.214159 0.007067 0.012367 0.208850 0.007067 0.614841 0.381625 0.381625 0.609541 0.208850 0.005300 0.613074 0.000000 0.007067 0.613074 0.614841 0.386926
H1N1CY061051 0.613074 0.219469 0.221239 0.005300 0.008834 0.616608 0.613074 0.008834 0.010601 0.614841 0.600707 0.008834 0.208850 0.639576 0.012367 0.007067 0.212389 0.007067 0.010601 0.008834 0.007067 0.607774 0.010601 0.215929 0.005300 0.005300 0.600707 0.609541 0.606007 0.010601 0.010601 0.005300 0.010601 0.012367 0.212389 0.008834 0.007067 0.008834 0.007067 0.212389 0.014134 0.003534 0.606007 0.609541 0.005300 0.214159 0.217699 0.005300 0.007067 0.005300 0.005300 0.007067 0.007067 0.214159 0.007067 0.012367 0.208850 0.003534 0.611307 0.378092 0.378092 0.606007 0.208850 0.005300 0.609541 0.007067 0.000000 0.609541 0.611307 0.383392
H3N2CY040122 0.012367 0.623009 0.623009 0.609541 0.614841 0.030035 0.012367 0.609541 0.613074 0.028269 0.072438 0.613074 0.621239 0.542403 0.613074 0.609541 0.615929 0.613074 0.611307 0.611307 0.613074 0.083039 0.611307 0.621239 0.609541 0.611307 0.074205 0.021201 0.075972 0.611307 0.613074 0.611307 0.611307 0.611307 0.617699 0.611307 0.609541 0.614841 0.611307 0.617699 0.613074 0.609541 0.030035 0.017668 0.611307 0.617699 0.621239 0.609541 0.609541 0.609541 0.609541 0.609541 0.613074 0.615929 0.607774 0.607774 0.615929 0.609541 0.010601 0.637809 0.643110 0.077739 0.619469 0.611307 0.021201 0.613074 0.609541 0.000000 0.012367 0.643110
H3N2CY104646 0.015901 0.626549 0.624779 0.611307 0.616608 0.028269 0.017668 0.611307 0.614841 0.026502 0.075972 0.614841 0.623009 0.542403 0.614841 0.611307 0.617699 0.614841 0.613074 0.613074 0.614841 0.090106 0.613074 0.623009 0.611307 0.613074 0.081272 0.017668 0.083039 0.613074 0.614841 0.613074 0.613074 0.613074 0.619469 0.613074 0.611307 0.616608 0.613074 0.619469 0.614841 0.611307 0.033569 0.015901 0.613074 0.619469 0.623009 0.611307 0.611307 0.611307 0.611307 0.611307 0.614841 0.617699 0.609541 0.609541 0.617699 0.611307 0.008834 0.637809 0.641343 0.084806 0.619469 0.613074 0.019435 0.614841 0.611307 0.012367 0.000000 0.641343
H5N1JN588809 0.641343 0.382301 0.387611 0.381625 0.386926 0.643110 0.646643 0.385159 0.383392 0.643110 0.639576 0.383392 0.382301 0.614437 0.385159 0.383392 0.382301 0.385159 0.386926 0.383392 0.385159 0.637809 0.385159 0.382301 0.383392 0.385159 0.632509 0.641343 0.634276 0.383392 0.385159 0.383392 0.386926 0.386926 0.380531 0.383392 0.383392 0.383392 0.381625 0.378761 0.386926 0.383392 0.634276 0.636042 0.385159 0.380531 0.385841 0.383392 0.385159 0.381625 0.383392 0.383392 0.386926 0.378761 0.381625 0.379859 0.380531 0.385159 0.639576 0.081129 0.024648 0.639576 0.376991 0.383392 0.641343 0.386926 0.383392 0.643110 0.641343 0.000000
