50
H3N2|CY068522|A/California/VRDL318/2009(H3N2)    0.000000 0.039683 0.087302 0.087302 0.091270 0.087302 0.087302 0.011905 0.099206 0.023810 0.087302 0.047619 0.011905 0.023810 0.087302 0.091270 0.079365 0.087302 0.015873 0.091270 0.015873 0.011905 0.051587 0.091270 0.031746 0.035714 0.087302 0.039683 0.011905 0.087302 0.007937 0.087302 0.087302 0.087302 0.087302 0.011905 0.087302 0.007937 0.083333 0.087302 0.007937 0.087302 0.087302 0.007937 0.079365 0.087302 0.051587 0.007937 0.087302 0.079365
H3N2|M63515|A/Aichi/2/1968                       0.039683 0.000000 0.063492 0.063492 0.067460 0.063492 0.063492 0.035714 0.087302 0.015873 0.063492 0.031746 0.035714 0.023810 0.063492 0.063492 0.063492 0.063492 0.047619 0.067460 0.031746 0.043651 0.035714 0.067460 0.007937 0.015873 0.063492 0.023810 0.035714 0.063492 0.039683 0.063492 0.063492 0.063492 0.063492 0.035714 0.063492 0.039683 0.063492 0.063492 0.039683 0.063492 0.063492 0.039683 0.055556 0.063492 0.035714 0.039683 0.063492 0.063492
H1N1|CY054972|A/California/VRDL53/2009(H1N1)     0.087302 0.063492 0.000000 0.007937 0.011905 0.007937 0.007937 0.083333 0.079365 0.063492 0.007937 0.047619 0.083333 0.067460 0.007937 0.011905 0.007937 0.007937 0.095238 0.011905 0.079365 0.075397 0.071429 0.011905 0.063492 0.063492 0.007937 0.047619 0.079365 0.007937 0.087302 0.007937 0.007937 0.007937 0.007937 0.083333 0.007937 0.087302 0.007937 0.007937 0.087302 0.011905 0.007937 0.079365 0.007937 0.007937 0.071429 0.087302 0.007937 0.007937
H1N1|GQ365365|A/Stockholm/36/2009(H1N1)          0.087302 0.063492 0.007937 0.000000 0.011905 0.007937 0.007937 0.083333 0.071429 0.063492 0.007937 0.047619 0.083333 0.067460 0.007937 0.011905 0.007937 0.007937 0.095238 0.011905 0.079365 0.075397 0.071429 0.011905 0.063492 0.063492 0.007937 0.047619 0.079365 0.007937 0.087302 0.007937 0.007937 0.007937 0.007937 0.083333 0.007937 0.087302 0.007937 0.007937 0.087302 0.011905 0.007937 0.079365 0.007937 0.003968 0.071429 0.087302 0.007937 0.007937
H1N1|CY124511|A/Singapore/CGH02/2011             0.091270 0.067460 0.011905 0.011905 0.000000 0.011905 0.011905 0.087302 0.083333 0.067460 0.011905 0.051587 0.079365 0.071429 0.011905 0.015873 0.011905 0.011905 0.099206 0.007937 0.083333 0.079365 0.075397 0.007937 0.067460 0.067460 0.011905 0.051587 0.083333 0.011905 0.091270 0.011905 0.011905 0.011905 0.011905 0.087302 0.011905 0.091270 0.011905 0.011905 0.091270 0.007937 0.011905 0.083333 0.011905 0.011905 0.075397 0.091270 0.011905 0.011905
H1N1|KC780714|A/Vermont/20/2009                  0.087302 0.063492 0.007937 0.007937 0.011905 0.000000 0.007937 0.083333 0.079365 0.063492 0.007937 0.047619 0.083333 0.067460 0.007937 0.011905 0.007937 0.007937 0.095238 0.011905 0.079365 0.075397 0.067460 0.011905 0.063492 0.063492 0.007937 0.047619 0.079365 0.007937 0.087302 0.007937 0.007937 0.007937 0.007937 0.083333 0.007937 0.087302 0.007937 0.007937 0.087302 0.011905 0.007937 0.079365 0.007937 0.007937 0.067460 0.087302 0.007937 0.007937
H1N1|CY095743|A/Zhejiang/11/2009                 0.087302 0.063492 0.007937 0.007937 0.011905 0.007937 0.000000 0.083333 0.079365 0.063492 0.007937 0.047619 0.083333 0.067460 0.007937 0.011905 0.007937 0.007937 0.095238 0.011905 0.079365 0.075397 0.071429 0.011905 0.063492 0.063492 0.007937 0.047619 0.079365 0.007937 0.087302 0.007937 0.007937 0.007937 0.007937 0.083333 0.007937 0.087302 0.007937 0.007937 0.087302 0.011905 0.007937 0.079365 0.007937 0.007937 0.071429 0.087302 0.007937 0.007937
H3N2|EU716450|A/Texas/68/2007                    0.011905 0.035714 0.083333 0.083333 0.087302 0.083333 0.083333 0.000000 0.095238 0.019841 0.083333 0.043651 0.007937 0.019841 0.083333 0.087302 0.075397 0.083333 0.019841 0.087302 0.019841 0.015873 0.047619 0.087302 0.027778 0.031746 0.083333 0.035714 0.007937 0.083333 0.011905 0.083333 0.083333 0.083333 0.083333 0.007937 0.083333 0.011905 0.079365 0.083333 0.011905 0.083333 0.083333 0.011905 0.075397 0.083333 0.047619 0.011905 0.083333 0.083333
H7N9|KC853764|A/Hangzhou/1/2013                  0.099206 0.087302 0.079365 0.071429 0.083333 0.079365 0.079365 0.095238 0.000000 0.091270 0.079365 0.067460 0.095238 0.095238 0.079365 0.067460 0.079365 0.079365 0.099206 0.083333 0.091270 0.087302 0.091270 0.083333 0.087302 0.091270 0.079365 0.067460 0.091270 0.079365 0.099206 0.079365 0.079365 0.079365 0.079365 0.095238 0.079365 0.099206 0.079365 0.079365 0.099206 0.079365 0.079365 0.091270 0.071429 0.075397 0.091270 0.091270 0.079365 0.079365
H3N2|CY077808|A/Netherlands/18/1994              0.023810 0.015873 0.063492 0.063492 0.067460 0.063492 0.063492 0.019841 0.091270 0.000000 0.063492 0.031746 0.019841 0.007937 0.063492 0.067460 0.063492 0.063492 0.031746 0.067460 0.023810 0.027778 0.035714 0.067460 0.007937 0.011905 0.063492 0.023810 0.019841 0.063492 0.023810 0.063492 0.063492 0.063492 0.063492 0.019841 0.063492 0.023810 0.059524 0.063492 0.023810 0.063492 0.063492 0.023810 0.055556 0.063492 0.035714 0.023810 0.063492 0.063492
H1N1|JQ431224|A/Reunion/0148-6-M1E/2009          0.087302 0.063492 0.007937 0.007937 0.011905 0.007937 0.007937 0.083333 0.079365 0.063492 0.000000 0.047619 0.083333 0.067460 0.007937 0.011905 0.007937 0.007937 0.095238 0.011905 0.079365 0.075397 0.071429 0.011905 0.063492 0.063492 0.007937 0.047619 0.079365 0.007937 0.087302 0.007937 0.007937 0.007937 0.007937 0.083333 0.007937 0.087302 0.007937 0.007937 0.087302 0.011905 0.007937 0.079365 0.007937 0.007937 0.071429 0.087302 0.007937 0.007937
H7N3|CY125731|A/Mexico/InDRE7218/2012            0.047619 0.031746 0.047619 0.047619 0.051587 0.047619 0.047619 0.043651 0.067460 0.031746 0.047619 0.000000 0.043651 0.035714 0.047619 0.051587 0.047619 0.047619 0.055556 0.051587 0.047619 0.043651 0.051587 0.051587 0.031746 0.031746 0.047619 0.007937 0.039683 0.047619 0.047619 0.047619 0.047619 0.047619 0.047619 0.043651 0.047619 0.047619 0.047619 0.047619 0.047619 0.047619 0.047619 0.039683 0.039683 0.047619 0.051587 0.047619 0.047619 0.047619
H3N2|CY044717|A/Boston/58/2008(H3N2)             0.011905 0.035714 0.083333 0.083333 0.079365 0.083333 0.083333 0.007937 0.095238 0.019841 0.083333 0.043651 0.000000 0.019841 0.083333 0.087302 0.075397 0.083333 0.019841 0.079365 0.019841 0.015873 0.047619 0.079365 0.027778 0.031746 0.083333 0.035714 0.007937 0.083333 0.011905 0.083333 0.083333 0.083333 0.083333 0.007937 0.083333 0.011905 0.079365 0.083333 0.011905 0.075397 0.083333 0.011905 0.075397 0.083333 0.047619 0.011905 0.083333 0.083333
H3N2|CY112582|A/Netherlands/3/1992               0.023810 0.023810 0.067460 0.067460 0.071429 0.067460 0.067460 0.019841 0.095238 0.007937 0.067460 0.035714 0.019841 0.000000 0.067460 0.071429 0.067460 0.067460 0.031746 0.071429 0.023810 0.027778 0.043651 0.071429 0.015873 0.019841 0.067460 0.027778 0.011905 0.067460 0.023810 0.067460 0.067460 0.067460 0.067460 0.019841 0.067460 0.023810 0.063492 0.067460 0.023810 0.067460 0.067460 0.023810 0.059524 0.067460 0.043651 0.023810 0.067460 0.067460
H1N1|HQ239622|A/Canada-MB/RV0062-10/2009         0.087302 0.063492 0.007937 0.007937 0.011905 0.007937 0.007937 0.083333 0.079365 0.063492 0.007937 0.047619 0.083333 0.067460 0.000000 0.011905 0.007937 0.007937 0.095238 0.011905 0.079365 0.075397 0.071429 0.011905 0.063492 0.063492 0.007937 0.047619 0.079365 0.007937 0.087302 0.007937 0.007937 0.007937 0.007937 0.083333 0.007937 0.087302 0.007937 0.007937 0.087302 0.011905 0.007937 0.079365 0.007937 0.007937 0.071429 0.087302 0.007937 0.007937
H1N1|KC781161|A/Kentucky/04/2010                 0.091270 0.063492 0.011905 0.011905 0.015873 0.011905 0.011905 0.087302 0.067460 0.067460 0.011905 0.051587 0.087302 0.071429 0.011905 0.000000 0.011905 0.011905 0.091270 0.015873 0.075397 0.079365 0.075397 0.015873 0.063492 0.067460 0.011905 0.051587 0.083333 0.011905 0.091270 0.011905 0.011905 0.011905 0.011905 0.087302 0.011905 0.091270 0.011905 0.011905 0.091270 0.015873 0.011905 0.083333 0.011905 0.011905 0.075397 0.091270 0.011905 0.011905
H1N1|CY066200|A/California/VRDL103/2009(H1N1)    0.079365 0.063492 0.007937 0.007937 0.011905 0.007937 0.007937 0.075397 0.079365 0.063492 0.007937 0.047619 0.075397 0.067460 0.007937 0.011905 0.000000 0.007937 0.087302 0.011905 0.071429 0.067460 0.071429 0.011905 0.063492 0.063492 0.007937 0.047619 0.071429 0.007937 0.079365 0.007937 0.007937 0.007937 0.007937 0.075397 0.007937 0.079365 0.007937 0.007937 0.079365 0.011905 0.007937 0.071429 0.007937 0.007937 0.071429 0.079365 0.007937 0.007937
H1N1|CY050086|A/Taiwan/T0826/2009(H1N1)          0.087302 0.063492 0.007937 0.007937 0.011905 0.007937 0.007937 0.083333 0.079365 0.063492 0.007937 0.047619 0.083333 0.067460 0.007937 0.011905 0.007937 0.000000 0.095238 0.011905 0.079365 0.075397 0.071429 0.011905 0.063492 0.063492 0.007937 0.047619 0.079365 0.007937 0.087302 0.007937 0.007937 0.007937 0.007937 0.083333 0.007937 0.087302 0.007937 0.007937 0.087302 0.011905 0.007937 0.079365 0.007937 0.007937 0.071429 0.087302 0.007937 0.007937
H3N2|CY105687|A/HaNoi/Q220/2007                  0.015873 0.047619 0.095238 0.095238 0.099206 0.095238 0.095238 0.019841 0.099206 0.031746 0.095238 0.055556 0.019841 0.031746 0.095238 0.091270 0.087302 0.095238 0.000000 0.099206 0.015873 0.019841 0.059524 0.099206 0.039683 0.043651 0.095238 0.047619 0.019841 0.095238 0.015873 0.095238 0.095238 0.095238 0.095238 0.019841 0.095238 0.007937 0.091270 0.095238 0.015873 0.095238 0.095238 0.015873 0.087302 0.095238 0.059524 0.015873 0.095238 0.087302
H1N1|CY111375|A/Boston/DOA70/2011                0.091270 0.067460 0.011905 0.011905 0.007937 0.011905 0.011905 0.087302 0.083333 0.067460 0.011905 0.051587 0.079365 0.071429 0.011905 0.015873 0.011905 0.011905 0.099206 0.000000 0.083333 0.079365 0.075397 0.007937 0.067460 0.067460 0.011905 0.051587 0.083333 0.011905 0.091270 0.011905 0.011905 0.011905 0.011905 0.087302 0.011905 0.091270 0.011905 0.011905 0.091270 0.007937 0.003968 0.083333 0.011905 0.011905 0.075397 0.091270 0.011905 0.011905
H3N2|CY112646|A/Oslo/244/1997                    0.015873 0.031746 0.079365 0.079365 0.083333 0.079365 0.079365 0.019841 0.091270 0.023810 0.079365 0.047619 0.019841 0.023810 0.079365 0.075397 0.071429 0.079365 0.015873 0.083333 0.000000 0.019841 0.043651 0.083333 0.031746 0.031746 0.079365 0.039683 0.019841 0.079365 0.015873 0.079365 0.079365 0.079365 0.079365 0.019841 0.079365 0.015873 0.079365 0.079365 0.015873 0.079365 0.079365 0.015873 0.071429 0.079365 0.043651 0.015873 0.079365 0.071429
mixed|CY092771|A/California/VRDL353/2009         0.011905 0.043651 0.075397 0.075397 0.079365 0.075397 0.075397 0.015873 0.087302 0.027778 0.075397 0.043651 0.015873 0.027778 0.075397 0.079365 0.067460 0.075397 0.019841 0.079365 0.019841 0.000000 0.055556 0.079365 0.035714 0.039683 0.075397 0.035714 0.015873 0.075397 0.011905 0.075397 0.075397 0.075397 0.075397 0.015873 0.075397 0.011905 0.071429 0.075397 0.011905 0.075397 0.075397 0.003968 0.067460 0.075397 0.055556 0.011905 0.075397 0.067460
H1N1|EU716566|A/Florida/12/2007                  0.051587 0.035714 0.071429 0.071429 0.075397 0.067460 0.071429 0.047619 0.091270 0.035714 0.071429 0.051587 0.047619 0.043651 0.071429 0.075397 0.071429 0.071429 0.059524 0.075397 0.043651 0.055556 0.000000 0.075397 0.035714 0.031746 0.071429 0.043651 0.047619 0.071429 0.051587 0.071429 0.071429 0.071429 0.071429 0.047619 0.071429 0.051587 0.071429 0.071429 0.051587 0.071429 0.071429 0.051587 0.063492 0.071429 0.007937 0.051587 0.071429 0.071429
H1N1|CY092591|A/Sydney/DD3-26/2010               0.091270 0.067460 0.011905 0.011905 0.007937 0.011905 0.011905 0.087302 0.083333 0.067460 0.011905 0.051587 0.079365 0.071429 0.011905 0.015873 0.011905 0.011905 0.099206 0.007937 0.083333 0.079365 0.075397 0.000000 0.067460 0.067460 0.011905 0.051587 0.083333 0.011905 0.091270 0.007937 0.011905 0.011905 0.011905 0.087302 0.011905 0.091270 0.011905 0.011905 0.091270 0.007937 0.011905 0.083333 0.011905 0.011905 0.075397 0.091270 0.011905 0.011905
H3N2|CY120993|A/Texas/1/1977                     0.031746 0.007937 0.063492 0.063492 0.067460 0.063492 0.063492 0.027778 0.087302 0.007937 0.063492 0.031746 0.027778 0.015873 0.063492 0.063492 0.063492 0.063492 0.039683 0.067460 0.031746 0.035714 0.035714 0.067460 0.000000 0.011905 0.063492 0.023810 0.027778 0.063492 0.031746 0.063492 0.063492 0.063492 0.063492 0.027778 0.063492 0.031746 0.059524 0.063492 0.031746 0.063492 0.063492 0.031746 0.055556 0.063492 0.035714 0.031746 0.063492 0.063492
H2N2|M81576|A/Leningrad/134/17/1957              0.035714 0.015873 0.063492 0.063492 0.067460 0.063492 0.063492 0.031746 0.091270 0.011905 0.063492 0.031746 0.031746 0.019841 0.063492 0.067460 0.063492 0.063492 0.043651 0.067460 0.031746 0.039683 0.031746 0.067460 0.011905 0.000000 0.063492 0.023810 0.031746 0.063492 0.035714 0.063492 0.063492 0.063492 0.063492 0.031746 0.063492 0.035714 0.059524 0.063492 0.035714 0.063492 0.063492 0.035714 0.055556 0.063492 0.031746 0.035714 0.063492 0.063492
H1N1|CY092511|A/Sydney/DD3-12/2010(H1N1)         0.087302 0.063492 0.007937 0.007937 0.011905 0.007937 0.007937 0.083333 0.079365 0.063492 0.007937 0.047619 0.083333 0.067460 0.007937 0.011905 0.007937 0.007937 0.095238 0.011905 0.079365 0.075397 0.071429 0.011905 0.063492 0.063492 0.000000 0.047619 0.079365 0.007937 0.087302 0.007937 0.007937 0.007937 0.007937 0.083333 0.007937 0.087302 0.007937 0.007937 0.087302 0.011905 0.007937 0.079365 0.007937 0.007937 0.071429 0.087302 0.007937 0.007937
H1N1|M63521|A/Wisconsin/3523/1988                0.039683 0.023810 0.047619 0.047619 0.051587 0.047619 0.047619 0.035714 0.067460 0.023810 0.047619 0.007937 0.035714 0.027778 0.047619 0.051587 0.047619 0.047619 0.047619 0.051587 0.039683 0.035714 0.043651 0.051587 0.023810 0.023810 0.047619 0.000000 0.031746 0.047619 0.039683 0.047619 0.047619 0.047619 0.047619 0.035714 0.047619 0.039683 0.047619 0.047619 0.039683 0.047619 0.047619 0.031746 0.039683 0.047619 0.043651 0.039683 0.047619 0.047619
H3N2|CY037576|A/Ohio/UR07-0105/2008(H3N2)        0.011905 0.035714 0.079365 0.079365 0.083333 0.079365 0.079365 0.007937 0.091270 0.019841 0.079365 0.039683 0.007937 0.011905 0.079365 0.083333 0.071429 0.079365 0.019841 0.083333 0.019841 0.015873 0.047619 0.083333 0.027778 0.031746 0.079365 0.031746 0.000000 0.079365 0.011905 0.079365 0.079365 0.079365 0.079365 0.007937 0.079365 0.011905 0.075397 0.079365 0.011905 0.079365 0.079365 0.011905 0.071429 0.079365 0.047619 0.011905 0.079365 0.079365
H1N1|CY122598|A/Singapore/GP1094/2009            0.087302 0.063492 0.007937 0.007937 0.011905 0.007937 0.007937 0.083333 0.079365 0.063492 0.007937 0.047619 0.083333 0.067460 0.007937 0.011905 0.007937 0.007937 0.095238 0.011905 0.079365 0.075397 0.071429 0.011905 0.063492 0.063492 0.007937 0.047619 0.079365 0.000000 0.087302 0.007937 0.007937 0.007937 0.007937 0.083333 0.007937 0.087302 0.007937 0.007937 0.087302 0.011905 0.007937 0.079365 0.007937 0.007937 0.071429 0.087302 0.007937 0.007937
H3N2|CY093338|A/Guam/WRAIR1557P/2009(H3N2)       0.007937 0.039683 0.087302 0.087302 0.091270 0.087302 0.087302 0.011905 0.099206 0.023810 0.087302 0.047619 0.011905 0.023810 0.087302 0.091270 0.079365 0.087302 0.015873 0.091270 0.015873 0.011905 0.051587 0.091270 0.031746 0.035714 0.087302 0.039683 0.011905 0.087302 0.000000 0.087302 0.087302 0.087302 0.087302 0.011905 0.087302 0.007937 0.083333 0.087302 0.007937 0.087302 0.087302 0.007937 0.079365 0.087302 0.051587 0.007937 0.087302 0.079365
H1N1|GQ894859|A/Arizona/06/2009(H1N1)            0.087302 0.063492 0.007937 0.007937 0.011905 0.007937 0.007937 0.083333 0.079365 0.063492 0.007937 0.047619 0.083333 0.067460 0.007937 0.011905 0.007937 0.007937 0.095238 0.011905 0.079365 0.075397 0.071429 0.007937 0.063492 0.063492 0.007937 0.047619 0.079365 0.007937 0.087302 0.000000 0.007937 0.007937 0.007937 0.083333 0.007937 0.087302 0.007937 0.007937 0.087302 0.011905 0.007937 0.079365 0.007937 0.007937 0.071429 0.087302 0.007937 0.007937
H1N1|KC781276|A/Florida/13/2010                  0.087302 0.063492 0.007937 0.007937 0.011905 0.007937 0.007937 0.083333 0.079365 0.063492 0.007937 0.047619 0.083333 0.067460 0.007937 0.011905 0.007937 0.007937 0.095238 0.011905 0.079365 0.075397 0.071429 0.011905 0.063492 0.063492 0.007937 0.047619 0.079365 0.007937 0.087302 0.007937 0.000000 0.007937 0.007937 0.083333 0.007937 0.087302 0.007937 0.007937 0.087302 0.011905 0.007937 0.079365 0.007937 0.007937 0.071429 0.087302 0.007937 0.007937
H1N1|CY066696|A/Hvidovre/INS290/2009(H1N1)       0.087302 0.063492 0.007937 0.007937 0.011905 0.007937 0.007937 0.083333 0.079365 0.063492 0.007937 0.047619 0.083333 0.067460 0.007937 0.011905 0.007937 0.007937 0.095238 0.011905 0.079365 0.075397 0.071429 0.011905 0.063492 0.063492 0.007937 0.047619 0.079365 0.007937 0.087302 0.007937 0.007937 0.000000 0.007937 0.083333 0.007937 0.087302 0.007937 0.007937 0.087302 0.011905 0.007937 0.079365 0.007937 0.007937 0.071429 0.087302 0.007937 0.007937
H1N1|JX309949|A/Singapore/GP4660/2010(H1N1)      0.087302 0.063492 0.007937 0.007937 0.011905 0.007937 0.007937 0.083333 0.079365 0.063492 0.007937 0.047619 0.083333 0.067460 0.007937 0.011905 0.007937 0.007937 0.095238 0.011905 0.079365 0.075397 0.071429 0.011905 0.063492 0.063492 0.007937 0.047619 0.079365 0.007937 0.087302 0.007937 0.007937 0.007937 0.000000 0.083333 0.007937 0.087302 0.007937 0.007937 0.087302 0.011905 0.007937 0.079365 0.007937 0.007937 0.071429 0.087302 0.007937 0.007937
H3N2|CY105391|A/TayNguyen/TN363/2005             0.011905 0.035714 0.083333 0.083333 0.087302 0.083333 0.083333 0.007937 0.095238 0.019841 0.083333 0.043651 0.007937 0.019841 0.083333 0.087302 0.075397 0.083333 0.019841 0.087302 0.019841 0.015873 0.047619 0.087302 0.027778 0.031746 0.083333 0.035714 0.007937 0.083333 0.011905 0.083333 0.083333 0.083333 0.083333 0.000000 0.083333 0.011905 0.079365 0.083333 0.011905 0.083333 0.083333 0.011905 0.075397 0.083333 0.047619 0.011905 0.083333 0.083333
H1N1|AB704425|A/Gunma/262/2009                   0.087302 0.063492 0.007937 0.007937 0.011905 0.007937 0.007937 0.083333 0.079365 0.063492 0.007937 0.047619 0.083333 0.067460 0.007937 0.011905 0.007937 0.007937 0.095238 0.011905 0.079365 0.075397 0.071429 0.011905 0.063492 0.063492 0.007937 0.047619 0.079365 0.007937 0.087302 0.007937 0.007937 0.007937 0.007937 0.083333 0.000000 0.087302 0.007937 0.007937 0.087302 0.011905 0.007937 0.079365 0.007937 0.007937 0.071429 0.087302 0.007937 0.007937
H3N2|CY064824|A/California/VRDL138/2009(H3N2)    0.007937 0.039683 0.087302 0.087302 0.091270 0.087302 0.087302 0.011905 0.099206 0.023810 0.087302 0.047619 0.011905 0.023810 0.087302 0.091270 0.079365 0.087302 0.007937 0.091270 0.015873 0.011905 0.051587 0.091270 0.031746 0.035714 0.087302 0.039683 0.011905 0.087302 0.007937 0.087302 0.087302 0.087302 0.087302 0.011905 0.087302 0.000000 0.083333 0.087302 0.007937 0.087302 0.087302 0.007937 0.079365 0.087302 0.051587 0.007937 0.087302 0.079365
H1N1|JX625438|A/England/92960004/2009            0.083333 0.063492 0.007937 0.007937 0.011905 0.007937 0.007937 0.079365 0.079365 0.059524 0.007937 0.047619 0.079365 0.063492 0.007937 0.011905 0.007937 0.007937 0.091270 0.011905 0.079365 0.071429 0.071429 0.011905 0.059524 0.059524 0.007937 0.047619 0.075397 0.007937 0.083333 0.007937 0.007937 0.007937 0.007937 0.079365 0.007937 0.083333 0.000000 0.007937 0.083333 0.011905 0.007937 0.075397 0.007937 0.007937 0.071429 0.083333 0.007937 0.007937
H1N1|CY123385|A/Singapore/ON1063/2009            0.087302 0.063492 0.007937 0.007937 0.011905 0.007937 0.007937 0.083333 0.079365 0.063492 0.007937 0.047619 0.083333 0.067460 0.007937 0.011905 0.007937 0.007937 0.095238 0.011905 0.079365 0.075397 0.071429 0.011905 0.063492 0.063492 0.007937 0.047619 0.079365 0.007937 0.087302 0.007937 0.007937 0.007937 0.007937 0.083333 0.007937 0.087302 0.007937 0.000000 0.087302 0.011905 0.007937 0.079365 0.007937 0.007937 0.071429 0.087302 0.007937 0.007937
H3N2|CY069440|A/Arizona/WRAIR1142P/2009(H3N2)    0.007937 0.039683 0.087302 0.087302 0.091270 0.087302 0.087302 0.011905 0.099206 0.023810 0.087302 0.047619 0.011905 0.023810 0.087302 0.091270 0.079365 0.087302 0.015873 0.091270 0.015873 0.011905 0.051587 0.091270 0.031746 0.035714 0.087302 0.039683 0.011905 0.087302 0.007937 0.087302 0.087302 0.087302 0.087302 0.011905 0.087302 0.007937 0.083333 0.087302 0.000000 0.087302 0.087302 0.007937 0.079365 0.087302 0.051587 0.007937 0.087302 0.079365
H1N1|CY098015|A/Moscow/WRAIR4305N/2011           0.087302 0.063492 0.011905 0.011905 0.007937 0.011905 0.011905 0.083333 0.079365 0.063492 0.011905 0.047619 0.075397 0.067460 0.011905 0.015873 0.011905 0.011905 0.095238 0.007937 0.079365 0.075397 0.071429 0.007937 0.063492 0.063492 0.011905 0.047619 0.079365 0.011905 0.087302 0.011905 0.011905 0.011905 0.011905 0.083333 0.011905 0.087302 0.011905 0.011905 0.087302 0.000000 0.011905 0.079365 0.007937 0.011905 0.071429 0.087302 0.011905 0.011905
H1N1|CY095873|A/Hubei/75/2009                    0.087302 0.063492 0.007937 0.007937 0.011905 0.007937 0.007937 0.083333 0.079365 0.063492 0.007937 0.047619 0.083333 0.067460 0.007937 0.011905 0.007937 0.007937 0.095238 0.003968 0.079365 0.075397 0.071429 0.011905 0.063492 0.063492 0.007937 0.047619 0.079365 0.007937 0.087302 0.007937 0.007937 0.007937 0.007937 0.083333 0.007937 0.087302 0.007937 0.007937 0.087302 0.011905 0.000000 0.079365 0.007937 0.007937 0.071429 0.087302 0.007937 0.007937
H3N2|CY036952|A/Mississippi/UR07-0004/2008(H3N2) 0.007937 0.039683 0.079365 0.079365 0.083333 0.079365 0.079365 0.011905 0.091270 0.023810 0.079365 0.039683 0.011905 0.023810 0.079365 0.083333 0.071429 0.079365 0.015873 0.083333 0.015873 0.003968 0.051587 0.083333 0.031746 0.035714 0.079365 0.031746 0.011905 0.079365 0.007937 0.079365 0.079365 0.079365 0.079365 0.011905 0.079365 0.007937 0.075397 0.079365 0.007937 0.079365 0.079365 0.000000 0.071429 0.079365 0.051587 0.007937 0.079365 0.071429
H1N1|CY083251|A/Moscow/WRAIR1627T/2009(H1N1)     0.079365 0.055556 0.007937 0.007937 0.011905 0.007937 0.007937 0.075397 0.071429 0.055556 0.007937 0.039683 0.075397 0.059524 0.007937 0.011905 0.007937 0.007937 0.087302 0.011905 0.071429 0.067460 0.063492 0.011905 0.055556 0.055556 0.007937 0.039683 0.071429 0.007937 0.079365 0.007937 0.007937 0.007937 0.007937 0.075397 0.007937 0.079365 0.007937 0.007937 0.079365 0.007937 0.007937 0.071429 0.000000 0.007937 0.063492 0.079365 0.007937 0.007937
H1N1|CY052368|A/Texas/43272683/2009(H1N1)        0.087302 0.063492 0.007937 0.003968 0.011905 0.007937 0.007937 0.083333 0.075397 0.063492 0.007937 0.047619 0.083333 0.067460 0.007937 0.011905 0.007937 0.007937 0.095238 0.011905 0.079365 0.075397 0.071429 0.011905 0.063492 0.063492 0.007937 0.047619 0.079365 0.007937 0.087302 0.007937 0.007937 0.007937 0.007937 0.083333 0.007937 0.087302 0.007937 0.007937 0.087302 0.011905 0.007937 0.079365 0.007937 0.000000 0.071429 0.087302 0.007937 0.007937
H1N1|EU716549|A/Pennsylvania/01/2008             0.051587 0.035714 0.071429 0.071429 0.075397 0.067460 0.071429 0.047619 0.091270 0.035714 0.071429 0.051587 0.047619 0.043651 0.071429 0.075397 0.071429 0.071429 0.059524 0.075397 0.043651 0.055556 0.007937 0.075397 0.035714 0.031746 0.071429 0.043651 0.047619 0.071429 0.051587 0.071429 0.071429 0.071429 0.071429 0.047619 0.071429 0.051587 0.071429 0.071429 0.051587 0.071429 0.071429 0.051587 0.063492 0.071429 0.000000 0.051587 0.071429 0.071429
H3N2|CY038856|A/Kentucky/UR07-0148/2008          0.007937 0.039683 0.087302 0.087302 0.091270 0.087302 0.087302 0.011905 0.091270 0.023810 0.087302 0.047619 0.011905 0.023810 0.087302 0.091270 0.079365 0.087302 0.015873 0.091270 0.015873 0.011905 0.051587 0.091270 0.031746 0.035714 0.087302 0.039683 0.011905 0.087302 0.007937 0.087302 0.087302 0.087302 0.087302 0.011905 0.087302 0.007937 0.083333 0.087302 0.007937 0.087302 0.087302 0.007937 0.079365 0.087302 0.051587 0.000000 0.087302 0.079365
H1N1|CY053485|A/Taiwan/156/2009(H1N1)            0.087302 0.063492 0.007937 0.007937 0.011905 0.007937 0.007937 0.083333 0.079365 0.063492 0.007937 0.047619 0.083333 0.067460 0.007937 0.011905 0.007937 0.007937 0.095238 0.011905 0.079365 0.075397 0.071429 0.011905 0.063492 0.063492 0.007937 0.047619 0.079365 0.007937 0.087302 0.007937 0.007937 0.007937 0.007937 0.083333 0.007937 0.087302 0.007937 0.007937 0.087302 0.011905 0.007937 0.079365 0.007937 0.007937 0.071429 0.087302 0.000000 0.007937
H1N1|KC780409|A/Utah/01/2010                     0.079365 0.063492 0.007937 0.007937 0.011905 0.007937 0.007937 0.083333 0.079365 0.063492 0.007937 0.047619 0.083333 0.067460 0.007937 0.011905 0.007937 0.007937 0.087302 0.011905 0.071429 0.067460 0.071429 0.011905 0.063492 0.063492 0.007937 0.047619 0.079365 0.007937 0.079365 0.007937 0.007937 0.007937 0.007937 0.083333 0.007937 0.079365 0.007937 0.007937 0.079365 0.011905 0.007937 0.071429 0.007937 0.007937 0.071429 0.079365 0.007937 0.000000
