50
H3N2|CY037572|A/Kentucky/UR07-0081/2008(H3N2)   0.000000 0.015363 0.018156 0.065642 0.002793 0.074022 0.016760 0.013966 0.071229 0.067039 0.065642 0.065642 0.051676 0.067039 0.019553 0.006983 0.051676 0.069832 0.009777 0.067039 0.062849 0.018156 0.060056 0.067039 0.013966 0.065642 0.029330 0.065642 0.067039 0.068436 0.005587 0.065642 0.141061 0.050279 0.054469 0.064246 0.067039 0.019553 0.065642 0.008380 0.051676 0.018156 0.065642 0.065642 0.013966 0.067039 0.064246 0.051676 0.018156 0.061453
H3N2|CY118919|A/Malaysia/1665090/2006(H3N2)     0.015363 0.000000 0.013966 0.060056 0.012570 0.068436 0.012570 0.004190 0.065642 0.061453 0.060056 0.060056 0.046089 0.061453 0.015363 0.013966 0.046089 0.064246 0.016760 0.061453 0.057263 0.013966 0.062849 0.061453 0.005587 0.060056 0.022346 0.060056 0.061453 0.062849 0.012570 0.060056 0.138268 0.044693 0.048883 0.061453 0.061453 0.015363 0.060056 0.015363 0.046089 0.013966 0.060056 0.060056 0.006983 0.061453 0.061453 0.046089 0.013966 0.058659
H3N2|CY114018|A/Madrid/G101/1993                0.018156 0.013966 0.000000 0.060056 0.018156 0.067039 0.018156 0.012570 0.064246 0.062849 0.058659 0.058659 0.047486 0.060056 0.020950 0.019553 0.044693 0.062849 0.022346 0.060056 0.055866 0.002793 0.065642 0.060056 0.012570 0.058659 0.019553 0.060056 0.060056 0.061453 0.018156 0.058659 0.138268 0.041899 0.050279 0.058659 0.060056 0.004190 0.058659 0.020950 0.044693 0.019553 0.058659 0.058659 0.012570 0.060056 0.062849 0.044693 0.002793 0.060056
H1N1|CY129747|A/Westmead/INS574/2011            0.065642 0.060056 0.060056 0.000000 0.062849 0.013966 0.061453 0.061453 0.011173 0.012570 0.005587 0.005587 0.057263 0.006983 0.067039 0.062849 0.060056 0.009777 0.065642 0.006983 0.005587 0.062849 0.039106 0.006983 0.061453 0.005587 0.053073 0.004190 0.006983 0.008380 0.062849 0.005587 0.086592 0.055866 0.060056 0.009777 0.006983 0.064246 0.005587 0.065642 0.060056 0.065642 0.005587 0.005587 0.064246 0.006983 0.009777 0.060056 0.062849 0.029330
H3N2|CY044769|A/Boston/64/2008(H3N2)            0.002793 0.012570 0.018156 0.062849 0.000000 0.071229 0.016760 0.013966 0.068436 0.064246 0.062849 0.062849 0.048883 0.064246 0.019553 0.004190 0.048883 0.067039 0.006983 0.064246 0.060056 0.018156 0.060056 0.064246 0.013966 0.062849 0.026536 0.062849 0.064246 0.065642 0.002793 0.062849 0.139665 0.047486 0.051676 0.064246 0.064246 0.019553 0.062849 0.005587 0.048883 0.018156 0.062849 0.062849 0.013966 0.064246 0.061453 0.048883 0.018156 0.058659
H1N1|HQ652619|A/Jiangsu/S62/2009                0.074022 0.068436 0.067039 0.013966 0.071229 0.000000 0.072626 0.069832 0.016760 0.012570 0.011173 0.011173 0.065642 0.006983 0.075419 0.071229 0.068436 0.015363 0.074022 0.012570 0.011173 0.069832 0.047486 0.011173 0.069832 0.011173 0.060056 0.012570 0.012570 0.013966 0.071229 0.011173 0.097765 0.064246 0.068436 0.015363 0.011173 0.071229 0.011173 0.074022 0.065642 0.074022 0.011173 0.011173 0.072626 0.012570 0.015363 0.068436 0.069832 0.034916
H3N2|CY007136|A/Canterbury/423/2003             0.016760 0.012570 0.018156 0.061453 0.016760 0.072626 0.000000 0.011173 0.069832 0.065642 0.064246 0.064246 0.054469 0.065642 0.005587 0.018156 0.054469 0.068436 0.020950 0.065642 0.061453 0.018156 0.067039 0.065642 0.011173 0.064246 0.030726 0.064246 0.065642 0.067039 0.016760 0.064246 0.142458 0.053073 0.057263 0.064246 0.065642 0.019553 0.064246 0.019553 0.054469 0.004190 0.064246 0.064246 0.011173 0.065642 0.065642 0.054469 0.018156 0.065642
H3N2|CY114394|A/Netherlands/42/2006             0.013966 0.004190 0.012570 0.061453 0.013966 0.069832 0.011173 0.000000 0.067039 0.062849 0.061453 0.061453 0.047486 0.062849 0.013966 0.015363 0.047486 0.065642 0.018156 0.062849 0.058659 0.012570 0.064246 0.060056 0.004190 0.061453 0.023743 0.061453 0.062849 0.064246 0.013966 0.061453 0.139665 0.046089 0.050279 0.061453 0.062849 0.013966 0.061453 0.016760 0.047486 0.012570 0.061453 0.061453 0.005587 0.062849 0.062849 0.047486 0.012570 0.060056
H1N1|CY097971|A/Budapest/WRAIR3789N/2011        0.071229 0.065642 0.064246 0.011173 0.068436 0.016760 0.069832 0.067039 0.000000 0.015363 0.008380 0.008380 0.060056 0.009777 0.072626 0.068436 0.062849 0.012570 0.071229 0.009777 0.008380 0.067039 0.044693 0.009777 0.067039 0.008380 0.057263 0.009777 0.009777 0.011173 0.068436 0.008380 0.093575 0.058659 0.062849 0.012570 0.009777 0.068436 0.008380 0.071229 0.062849 0.071229 0.008380 0.008380 0.069832 0.009777 0.012570 0.062849 0.067039 0.032123
H1N1|CY124816|A/Singapore/TT58/2011             0.067039 0.061453 0.062849 0.012570 0.064246 0.012570 0.065642 0.062849 0.015363 0.000000 0.009777 0.009777 0.061453 0.005587 0.068436 0.064246 0.064246 0.013966 0.067039 0.011173 0.009777 0.062849 0.043296 0.011173 0.062849 0.009777 0.055866 0.011173 0.011173 0.012570 0.064246 0.009777 0.096369 0.062849 0.064246 0.011173 0.009777 0.064246 0.009777 0.067039 0.064246 0.067039 0.009777 0.009777 0.065642 0.011173 0.011173 0.064246 0.062849 0.030726
H1N1|CY065128|A/Netherlands/1064b/2009(H1N1)    0.065642 0.060056 0.058659 0.005587 0.062849 0.011173 0.064246 0.061453 0.008380 0.009777 0.000000 0.002793 0.057263 0.004190 0.067039 0.062849 0.060056 0.006983 0.065642 0.004190 0.002793 0.061453 0.039106 0.004190 0.061453 0.002793 0.051676 0.004190 0.004190 0.005587 0.062849 0.002793 0.089385 0.055866 0.060056 0.006983 0.004190 0.062849 0.002793 0.065642 0.060056 0.065642 0.002793 0.002793 0.064246 0.004190 0.006983 0.060056 0.061453 0.026536
H1N1|CY053203|A/Brownsville/30OS/2009(H1N1)     0.065642 0.060056 0.058659 0.005587 0.062849 0.011173 0.064246 0.061453 0.008380 0.009777 0.002793 0.000000 0.055866 0.004190 0.067039 0.062849 0.058659 0.006983 0.065642 0.004190 0.002793 0.061453 0.039106 0.004190 0.061453 0.002793 0.051676 0.004190 0.004190 0.005587 0.062849 0.002793 0.089385 0.054469 0.058659 0.006983 0.004190 0.062849 0.002793 0.065642 0.058659 0.065642 0.002793 0.002793 0.064246 0.004190 0.006983 0.058659 0.061453 0.026536
H1N1|CY043408|A/Gunma/07G002/2008(H1N1)         0.051676 0.046089 0.047486 0.057263 0.048883 0.065642 0.054469 0.047486 0.060056 0.061453 0.057263 0.055866 0.000000 0.058659 0.057263 0.048883 0.008380 0.061453 0.051676 0.058659 0.055866 0.047486 0.054469 0.058659 0.046089 0.057263 0.032123 0.057263 0.058659 0.058659 0.048883 0.057263 0.132682 0.012570 0.002793 0.061453 0.058659 0.048883 0.057263 0.051676 0.008380 0.053073 0.057263 0.057263 0.050279 0.058659 0.055866 0.008380 0.047486 0.051676
H1N1|CY053337|A/Beijing/718/2009(H1N1)          0.067039 0.061453 0.060056 0.006983 0.064246 0.006983 0.065642 0.062849 0.009777 0.005587 0.004190 0.004190 0.058659 0.000000 0.068436 0.064246 0.061453 0.008380 0.067039 0.005587 0.004190 0.062849 0.040503 0.005587 0.062849 0.004190 0.053073 0.005587 0.005587 0.006983 0.064246 0.004190 0.090782 0.057263 0.061453 0.008380 0.004190 0.064246 0.004190 0.067039 0.061453 0.067039 0.004190 0.004190 0.065642 0.005587 0.008380 0.061453 0.062849 0.027933
H3N2|CY012029|A/Waikato/29/2002                 0.019553 0.015363 0.020950 0.067039 0.019553 0.075419 0.005587 0.013966 0.072626 0.068436 0.067039 0.067039 0.057263 0.068436 0.000000 0.020950 0.057263 0.071229 0.023743 0.068436 0.064246 0.020950 0.069832 0.068436 0.013966 0.067039 0.033520 0.067039 0.068436 0.069832 0.019553 0.067039 0.145251 0.055866 0.060056 0.067039 0.068436 0.022346 0.067039 0.022346 0.057263 0.006983 0.067039 0.067039 0.013966 0.068436 0.068436 0.057263 0.020950 0.068436
H3N2|CY069316|A/Japan/WRAIR1037P/2009(H3N2)     0.006983 0.013966 0.019553 0.062849 0.004190 0.071229 0.018156 0.015363 0.068436 0.064246 0.062849 0.062849 0.048883 0.064246 0.020950 0.000000 0.048883 0.067039 0.006983 0.064246 0.060056 0.019553 0.060056 0.064246 0.015363 0.062849 0.027933 0.062849 0.064246 0.065642 0.004190 0.062849 0.139665 0.047486 0.051676 0.064246 0.064246 0.020950 0.062849 0.004190 0.048883 0.019553 0.062849 0.062849 0.015363 0.064246 0.061453 0.048883 0.019553 0.058659
H1N1|CY069508|A/Japan/WRAIR1230P/2009(H1N1)     0.051676 0.046089 0.044693 0.060056 0.048883 0.068436 0.054469 0.047486 0.062849 0.064246 0.060056 0.058659 0.008380 0.061453 0.057263 0.048883 0.000000 0.064246 0.051676 0.061453 0.058659 0.044693 0.057263 0.061453 0.046089 0.060056 0.029330 0.060056 0.061453 0.061453 0.048883 0.060056 0.135475 0.009777 0.011173 0.064246 0.061453 0.046089 0.060056 0.051676 0.005587 0.055866 0.060056 0.060056 0.050279 0.061453 0.058659 0.005587 0.044693 0.054469
H1N1|JX625677|A/England/118/2010                0.069832 0.064246 0.062849 0.009777 0.067039 0.015363 0.068436 0.065642 0.012570 0.013966 0.006983 0.006983 0.061453 0.008380 0.071229 0.067039 0.064246 0.000000 0.069832 0.008380 0.006983 0.065642 0.043296 0.008380 0.065642 0.006983 0.055866 0.008380 0.005587 0.009777 0.067039 0.006983 0.093575 0.060056 0.064246 0.011173 0.005587 0.067039 0.006983 0.069832 0.064246 0.069832 0.006983 0.006983 0.068436 0.008380 0.011173 0.064246 0.065642 0.030726
H3N2|CY111459|A/Boston/DOA85/2011(H3N2)         0.009777 0.016760 0.022346 0.065642 0.006983 0.074022 0.020950 0.018156 0.071229 0.067039 0.065642 0.065642 0.051676 0.067039 0.023743 0.006983 0.051676 0.069832 0.000000 0.067039 0.062849 0.022346 0.060056 0.067039 0.018156 0.065642 0.030726 0.065642 0.067039 0.068436 0.006983 0.065642 0.142458 0.050279 0.054469 0.067039 0.067039 0.023743 0.065642 0.009777 0.051676 0.022346 0.065642 0.065642 0.018156 0.067039 0.064246 0.051676 0.022346 0.061453
H1N1|CY075005|A/Thailand/CU-H847/2009           0.067039 0.061453 0.060056 0.006983 0.064246 0.012570 0.065642 0.062849 0.009777 0.011173 0.004190 0.004190 0.058659 0.005587 0.068436 0.064246 0.061453 0.008380 0.067039 0.000000 0.004190 0.062849 0.040503 0.005587 0.062849 0.004190 0.053073 0.005587 0.005587 0.006983 0.064246 0.004190 0.090782 0.057263 0.061453 0.008380 0.005587 0.064246 0.004190 0.067039 0.061453 0.067039 0.004190 0.004190 0.065642 0.005587 0.008380 0.061453 0.062849 0.027933
H1N1|CY058433|A/Wisconsin/629-D01752/2009(H1N1) 0.062849 0.057263 0.055866 0.005587 0.060056 0.011173 0.061453 0.058659 0.008380 0.009777 0.002793 0.002793 0.055866 0.004190 0.064246 0.060056 0.058659 0.006983 0.062849 0.004190 0.000000 0.058659 0.037709 0.004190 0.060056 0.002793 0.050279 0.004190 0.004190 0.005587 0.060056 0.002793 0.087989 0.054469 0.058659 0.006983 0.004190 0.060056 0.002793 0.062849 0.058659 0.062849 0.002793 0.002793 0.061453 0.004190 0.006983 0.058659 0.058659 0.025140
H3N2|CY114050|A/Netherlands/101/1993            0.018156 0.013966 0.002793 0.062849 0.018156 0.069832 0.018156 0.012570 0.067039 0.062849 0.061453 0.061453 0.047486 0.062849 0.020950 0.019553 0.044693 0.065642 0.022346 0.062849 0.058659 0.000000 0.065642 0.062849 0.012570 0.061453 0.019553 0.062849 0.062849 0.064246 0.018156 0.061453 0.141061 0.044693 0.050279 0.061453 0.062849 0.004190 0.061453 0.020950 0.044693 0.019553 0.061453 0.061453 0.012570 0.062849 0.062849 0.044693 0.002793 0.060056
H5N1|HM114592|A/Vietnam/UT31394II/2008(H5N1)    0.060056 0.062849 0.065642 0.039106 0.060056 0.047486 0.067039 0.064246 0.044693 0.043296 0.039106 0.039106 0.054469 0.040503 0.069832 0.060056 0.057263 0.043296 0.060056 0.040503 0.037709 0.065642 0.000000 0.040503 0.064246 0.039106 0.053073 0.034916 0.040503 0.041899 0.060056 0.039106 0.117318 0.055866 0.057263 0.041899 0.040503 0.067039 0.039106 0.062849 0.057263 0.068436 0.039106 0.039106 0.067039 0.040503 0.039106 0.057263 0.065642 0.033520
H1N1|CY064641|A/Boston/134/2009(H1N1)           0.067039 0.061453 0.060056 0.006983 0.064246 0.011173 0.065642 0.060056 0.009777 0.011173 0.004190 0.004190 0.058659 0.005587 0.068436 0.064246 0.061453 0.008380 0.067039 0.005587 0.004190 0.062849 0.040503 0.000000 0.062849 0.004190 0.053073 0.005587 0.005587 0.006983 0.064246 0.004190 0.090782 0.057263 0.061453 0.008380 0.005587 0.064246 0.004190 0.067039 0.061453 0.067039 0.004190 0.004190 0.065642 0.005587 0.008380 0.061453 0.062849 0.027933
H3N2|CY118775|A/Malaysia/29242/2004             0.013966 0.005587 0.012570 0.061453 0.013966 0.069832 0.011173 0.004190 0.067039 0.062849 0.061453 0.061453 0.046089 0.062849 0.013966 0.015363 0.046089 0.065642 0.018156 0.062849 0.060056 0.012570 0.064246 0.062849 0.000000 0.061453 0.022346 0.061453 0.062849 0.064246 0.013966 0.061453 0.139665 0.044693 0.048883 0.061453 0.062849 0.013966 0.061453 0.016760 0.046089 0.012570 0.061453 0.061453 0.005587 0.062849 0.062849 0.046089 0.012570 0.060056
H1N1|JN596871|A/Kurgan/01/2009                  0.065642 0.060056 0.058659 0.005587 0.062849 0.011173 0.064246 0.061453 0.008380 0.009777 0.002793 0.002793 0.057263 0.004190 0.067039 0.062849 0.060056 0.006983 0.065642 0.004190 0.002793 0.061453 0.039106 0.004190 0.061453 0.000000 0.051676 0.004190 0.004190 0.005587 0.062849 0.002793 0.089385 0.055866 0.060056 0.006983 0.004190 0.062849 0.002793 0.065642 0.060056 0.065642 0.002793 0.002793 0.064246 0.004190 0.006983 0.060056 0.061453 0.026536
H2N2|CY125875|A/ITS/1/1957(H2N2)                0.029330 0.022346 0.019553 0.053073 0.026536 0.060056 0.030726 0.023743 0.057263 0.055866 0.051676 0.051676 0.032123 0.053073 0.033520 0.027933 0.029330 0.055866 0.030726 0.053073 0.050279 0.019553 0.053073 0.053073 0.022346 0.051676 0.000000 0.053073 0.053073 0.053073 0.026536 0.051676 0.132682 0.030726 0.034916 0.055866 0.053073 0.020950 0.051676 0.029330 0.029330 0.032123 0.051676 0.051676 0.026536 0.053073 0.051676 0.029330 0.019553 0.047486
H1N1|CY123894|A/Singapore/ON2416/2009           0.065642 0.060056 0.060056 0.004190 0.062849 0.012570 0.064246 0.061453 0.009777 0.011173 0.004190 0.004190 0.057263 0.005587 0.067039 0.062849 0.060056 0.008380 0.065642 0.005587 0.004190 0.062849 0.034916 0.005587 0.061453 0.004190 0.053073 0.000000 0.005587 0.006983 0.062849 0.004190 0.087989 0.055866 0.060056 0.008380 0.005587 0.064246 0.004190 0.065642 0.060056 0.065642 0.004190 0.004190 0.064246 0.005587 0.008380 0.060056 0.062849 0.027933
H1N1|CY071060|A/Vienna/INS368/2010(H1N1)        0.067039 0.061453 0.060056 0.006983 0.064246 0.012570 0.065642 0.062849 0.009777 0.011173 0.004190 0.004190 0.058659 0.005587 0.068436 0.064246 0.061453 0.005587 0.067039 0.005587 0.004190 0.062849 0.040503 0.005587 0.062849 0.004190 0.053073 0.005587 0.000000 0.006983 0.064246 0.004190 0.090782 0.057263 0.061453 0.008380 0.002793 0.064246 0.004190 0.067039 0.061453 0.067039 0.004190 0.004190 0.065642 0.005587 0.008380 0.061453 0.062849 0.027933
H1N1|CY071132|A/Athens/INS383/2009(H1N1)        0.068436 0.062849 0.061453 0.008380 0.065642 0.013966 0.067039 0.064246 0.011173 0.012570 0.005587 0.005587 0.058659 0.006983 0.069832 0.065642 0.061453 0.009777 0.068436 0.006983 0.005587 0.064246 0.041899 0.006983 0.064246 0.005587 0.053073 0.006983 0.006983 0.000000 0.065642 0.005587 0.092179 0.058659 0.061453 0.009777 0.006983 0.065642 0.005587 0.068436 0.061453 0.068436 0.005587 0.005587 0.067039 0.004190 0.004190 0.061453 0.064246 0.029330
H3N2|CY100561|A/Mexico/InDRE2160/2005           0.005587 0.012570 0.018156 0.062849 0.002793 0.071229 0.016760 0.013966 0.068436 0.064246 0.062849 0.062849 0.048883 0.064246 0.019553 0.004190 0.048883 0.067039 0.006983 0.064246 0.060056 0.018156 0.060056 0.064246 0.013966 0.062849 0.026536 0.062849 0.064246 0.065642 0.000000 0.062849 0.139665 0.047486 0.051676 0.064246 0.064246 0.019553 0.062849 0.005587 0.048883 0.018156 0.062849 0.062849 0.013966 0.064246 0.061453 0.048883 0.018156 0.058659
H1N1|HM568103|A/England/797/2009                0.065642 0.060056 0.058659 0.005587 0.062849 0.011173 0.064246 0.061453 0.008380 0.009777 0.002793 0.002793 0.057263 0.004190 0.067039 0.062849 0.060056 0.006983 0.065642 0.004190 0.002793 0.061453 0.039106 0.004190 0.061453 0.002793 0.051676 0.004190 0.004190 0.005587 0.062849 0.000000 0.089385 0.055866 0.060056 0.006983 0.004190 0.062849 0.002793 0.065642 0.060056 0.065642 0.002793 0.002793 0.064246 0.004190 0.006983 0.060056 0.061453 0.026536
H1N1|CY129440|A/Sheffield/INS548/2011(H1N1)     0.141061 0.138268 0.138268 0.086592 0.139665 0.097765 0.142458 0.139665 0.093575 0.096369 0.089385 0.089385 0.132682 0.090782 0.145251 0.139665 0.135475 0.093575 0.142458 0.090782 0.087989 0.141061 0.117318 0.090782 0.139665 0.089385 0.132682 0.087989 0.090782 0.092179 0.139665 0.089385 0.000000 0.131285 0.135475 0.092179 0.090782 0.142458 0.089385 0.141061 0.135475 0.143855 0.089385 0.089385 0.142458 0.090782 0.093575 0.135475 0.141061 0.108939
H1N1|CY070916|A/California/VRDL151/2009(H1N1)   0.050279 0.044693 0.041899 0.055866 0.047486 0.064246 0.053073 0.046089 0.058659 0.062849 0.055866 0.054469 0.012570 0.057263 0.055866 0.047486 0.009777 0.060056 0.050279 0.057263 0.054469 0.044693 0.055866 0.057263 0.044693 0.055866 0.030726 0.055866 0.057263 0.058659 0.047486 0.055866 0.131285 0.000000 0.015363 0.060056 0.057263 0.046089 0.055866 0.050279 0.009777 0.054469 0.055866 0.055866 0.048883 0.057263 0.058659 0.009777 0.044693 0.053073
H1N1|CY119311|A/Malaysia/1823766/2007           0.054469 0.048883 0.050279 0.060056 0.051676 0.068436 0.057263 0.050279 0.062849 0.064246 0.060056 0.058659 0.002793 0.061453 0.060056 0.051676 0.011173 0.064246 0.054469 0.061453 0.058659 0.050279 0.057263 0.061453 0.048883 0.060056 0.034916 0.060056 0.061453 0.061453 0.051676 0.060056 0.135475 0.015363 0.000000 0.064246 0.061453 0.051676 0.060056 0.054469 0.011173 0.055866 0.060056 0.060056 0.053073 0.061453 0.058659 0.011173 0.050279 0.054469
H1N1|CY065797|A/Netherlands/1039/2009(H1N1)     0.064246 0.061453 0.058659 0.009777 0.064246 0.015363 0.064246 0.061453 0.012570 0.011173 0.006983 0.006983 0.061453 0.008380 0.067039 0.064246 0.064246 0.011173 0.067039 0.008380 0.006983 0.061453 0.041899 0.008380 0.061453 0.006983 0.055866 0.008380 0.008380 0.009777 0.064246 0.006983 0.092179 0.060056 0.064246 0.000000 0.008380 0.062849 0.006983 0.067039 0.061453 0.065642 0.006983 0.006983 0.064246 0.008380 0.011173 0.064246 0.061453 0.030726
H1N1|JX309791|A/Singapore/GP4099/2010           0.067039 0.061453 0.060056 0.006983 0.064246 0.011173 0.065642 0.062849 0.009777 0.009777 0.004190 0.004190 0.058659 0.004190 0.068436 0.064246 0.061453 0.005587 0.067039 0.005587 0.004190 0.062849 0.040503 0.005587 0.062849 0.004190 0.053073 0.005587 0.002793 0.006983 0.064246 0.004190 0.090782 0.057263 0.061453 0.008380 0.000000 0.064246 0.004190 0.067039 0.061453 0.067039 0.004190 0.004190 0.065642 0.005587 0.008380 0.061453 0.062849 0.027933
H3N2|CY112818|A/Victoria/75/1995                0.019553 0.015363 0.004190 0.064246 0.019553 0.071229 0.019553 0.013966 0.068436 0.064246 0.062849 0.062849 0.048883 0.064246 0.022346 0.020950 0.046089 0.067039 0.023743 0.064246 0.060056 0.004190 0.067039 0.064246 0.013966 0.062849 0.020950 0.064246 0.064246 0.065642 0.019553 0.062849 0.142458 0.046089 0.051676 0.062849 0.064246 0.000000 0.062849 0.022346 0.046089 0.020950 0.062849 0.062849 0.013966 0.064246 0.064246 0.046089 0.004190 0.061453
H1N1|CY075641|A/Boston/703/2009(H1N1)           0.065642 0.060056 0.058659 0.005587 0.062849 0.011173 0.064246 0.061453 0.008380 0.009777 0.002793 0.002793 0.057263 0.004190 0.067039 0.062849 0.060056 0.006983 0.065642 0.004190 0.002793 0.061453 0.039106 0.004190 0.061453 0.002793 0.051676 0.004190 0.004190 0.005587 0.062849 0.002793 0.089385 0.055866 0.060056 0.006983 0.004190 0.062849 0.000000 0.065642 0.060056 0.065642 0.002793 0.002793 0.064246 0.004190 0.006983 0.060056 0.061453 0.026536
H3N2|CY068558|A/California/VRDL325/2009(H3N2)   0.008380 0.015363 0.020950 0.065642 0.005587 0.074022 0.019553 0.016760 0.071229 0.067039 0.065642 0.065642 0.051676 0.067039 0.022346 0.004190 0.051676 0.069832 0.009777 0.067039 0.062849 0.020950 0.062849 0.067039 0.016760 0.065642 0.029330 0.065642 0.067039 0.068436 0.005587 0.065642 0.141061 0.050279 0.054469 0.067039 0.067039 0.022346 0.065642 0.000000 0.051676 0.020950 0.065642 0.065642 0.016760 0.067039 0.064246 0.051676 0.020950 0.058659
H1N1|GU271965|A/Thailand/CU-H565/2009(H1N1)     0.051676 0.046089 0.044693 0.060056 0.048883 0.065642 0.054469 0.047486 0.062849 0.064246 0.060056 0.058659 0.008380 0.061453 0.057263 0.048883 0.005587 0.064246 0.051676 0.061453 0.058659 0.044693 0.057263 0.061453 0.046089 0.060056 0.029330 0.060056 0.061453 0.061453 0.048883 0.060056 0.135475 0.009777 0.011173 0.061453 0.061453 0.046089 0.060056 0.051676 0.000000 0.055866 0.060056 0.060056 0.050279 0.061453 0.058659 0.005587 0.044693 0.054469
H3N2|CY088341|A/England/957/2003                0.018156 0.013966 0.019553 0.065642 0.018156 0.074022 0.004190 0.012570 0.071229 0.067039 0.065642 0.065642 0.053073 0.067039 0.006983 0.019553 0.055866 0.069832 0.022346 0.067039 0.062849 0.019553 0.068436 0.067039 0.012570 0.065642 0.032123 0.065642 0.067039 0.068436 0.018156 0.065642 0.143855 0.054469 0.055866 0.065642 0.067039 0.020950 0.065642 0.020950 0.055866 0.000000 0.065642 0.065642 0.012570 0.067039 0.067039 0.055866 0.019553 0.067039
H1N1|CY065869|A/Netherlands/1493b/2009          0.065642 0.060056 0.058659 0.005587 0.062849 0.011173 0.064246 0.061453 0.008380 0.009777 0.002793 0.002793 0.057263 0.004190 0.067039 0.062849 0.060056 0.006983 0.065642 0.004190 0.002793 0.061453 0.039106 0.004190 0.061453 0.002793 0.051676 0.004190 0.004190 0.005587 0.062849 0.002793 0.089385 0.055866 0.060056 0.006983 0.004190 0.062849 0.002793 0.065642 0.060056 0.065642 0.000000 0.002793 0.064246 0.004190 0.006983 0.060056 0.061453 0.026536
H1N1|CY089368|A/Boston/691/2009                 0.065642 0.060056 0.058659 0.005587 0.062849 0.011173 0.064246 0.061453 0.008380 0.009777 0.002793 0.002793 0.057263 0.004190 0.067039 0.062849 0.060056 0.006983 0.065642 0.004190 0.002793 0.061453 0.039106 0.004190 0.061453 0.002793 0.051676 0.004190 0.004190 0.005587 0.062849 0.002793 0.089385 0.055866 0.060056 0.006983 0.004190 0.062849 0.002793 0.065642 0.060056 0.065642 0.002793 0.000000 0.064246 0.004190 0.006983 0.060056 0.061453 0.026536
H3N2|CY012117|A/Wellington/6/2004               0.013966 0.006983 0.012570 0.064246 0.013966 0.072626 0.011173 0.005587 0.069832 0.065642 0.064246 0.064246 0.050279 0.065642 0.013966 0.015363 0.050279 0.068436 0.018156 0.065642 0.061453 0.012570 0.067039 0.065642 0.005587 0.064246 0.026536 0.064246 0.065642 0.067039 0.013966 0.064246 0.142458 0.048883 0.053073 0.064246 0.065642 0.013966 0.064246 0.016760 0.050279 0.012570 0.064246 0.064246 0.000000 0.065642 0.065642 0.050279 0.012570 0.062849
H1N1|CY063112|A/California/VRDL92/2009(H1N1)    0.067039 0.061453 0.060056 0.006983 0.064246 0.012570 0.065642 0.062849 0.009777 0.011173 0.004190 0.004190 0.058659 0.005587 0.068436 0.064246 0.061453 0.008380 0.067039 0.005587 0.004190 0.062849 0.040503 0.005587 0.062849 0.004190 0.053073 0.005587 0.005587 0.004190 0.064246 0.004190 0.090782 0.057263 0.061453 0.008380 0.005587 0.064246 0.004190 0.067039 0.061453 0.067039 0.004190 0.004190 0.065642 0.000000 0.005587 0.061453 0.062849 0.027933
H1N1|CY058745|A/Texas/JMS378/2009(H1N1)         0.064246 0.061453 0.062849 0.009777 0.061453 0.015363 0.065642 0.062849 0.012570 0.011173 0.006983 0.006983 0.055866 0.008380 0.068436 0.061453 0.058659 0.011173 0.064246 0.008380 0.006983 0.062849 0.039106 0.008380 0.062849 0.006983 0.051676 0.008380 0.008380 0.004190 0.061453 0.006983 0.093575 0.058659 0.058659 0.011173 0.008380 0.064246 0.006983 0.064246 0.058659 0.067039 0.006983 0.006983 0.065642 0.005587 0.000000 0.058659 0.062849 0.025140
H1N1|CY100971|A/Cusco/WRAIR1730P/2008(H1N1)     0.051676 0.046089 0.044693 0.060056 0.048883 0.068436 0.054469 0.047486 0.062849 0.064246 0.060056 0.058659 0.008380 0.061453 0.057263 0.048883 0.005587 0.064246 0.051676 0.061453 0.058659 0.044693 0.057263 0.061453 0.046089 0.060056 0.029330 0.060056 0.061453 0.061453 0.048883 0.060056 0.135475 0.009777 0.011173 0.064246 0.061453 0.046089 0.060056 0.051676 0.005587 0.055866 0.060056 0.060056 0.050279 0.061453 0.058659 0.000000 0.044693 0.054469
H3N2|CY113954|A/Victoria/68/1992                0.018156 0.013966 0.002793 0.062849 0.018156 0.069832 0.018156 0.012570 0.067039 0.062849 0.061453 0.061453 0.047486 0.062849 0.020950 0.019553 0.044693 0.065642 0.022346 0.062849 0.058659 0.002793 0.065642 0.062849 0.012570 0.061453 0.019553 0.062849 0.062849 0.064246 0.018156 0.061453 0.141061 0.044693 0.050279 0.061453 0.062849 0.004190 0.061453 0.020950 0.044693 0.019553 0.061453 0.061453 0.012570 0.062849 0.062849 0.044693 0.000000 0.060056
H3N2|JN638730|A/Indiana/08/2011(H3N2)           0.061453 0.058659 0.060056 0.029330 0.058659 0.034916 0.065642 0.060056 0.032123 0.030726 0.026536 0.026536 0.051676 0.027933 0.068436 0.058659 0.054469 0.030726 0.061453 0.027933 0.025140 0.060056 0.033520 0.027933 0.060056 0.026536 0.047486 0.027933 0.027933 0.029330 0.058659 0.026536 0.108939 0.053073 0.054469 0.030726 0.027933 0.061453 0.026536 0.058659 0.054469 0.067039 0.026536 0.026536 0.062849 0.027933 0.025140 0.054469 0.060056 0.000000
